0
1
2
3
4
5
6
7
8	193
9	1142	887	195	106
10
11
12
13
14
15
16
17	234
18	243	75	286	346	450	165
19
20
21
22
23
24	815
25
26	1094	956	919	201	73
27
28
29
30
31
32	1008	231
33	825	180	538	274	1139	543	1049	707	410	964	404	546	196	742	922	244
34	790
35	24	518
36
37
38
39
40
41
42
43
44
45
46
47
48	467
49
50	973
51
52
53	182	245	80	482	12	1012
54	734	4	313
55
56
57	129	384	175	466
58	191	620	1110	459
59
60
61	1058	821	301	250	836	1127	1126	1112	680	953
62	971
63
64	1063	190	862
65
66
67
68
69
70	582	960	823	623	680	524	878	1027
71	885
72
73
74	210	833	1165	296
75
76
77
78	1007	1023	268	712	253
79
80
81
82	996	501	204	668	161	1104
83
84
85	714
86	42	700	576
87
88
89	572	1005	483	539
90
91
92
93
94
95
96	462	354	944	861	187	570
97	810
98
99
100	345	323
101
102
103
104
105
106	614
107
108
109
110
111
112	368	598
113
114
115	571	731
116
117
118	1033	672	159
119
120	33	266	852	244
121	630	458	930
122	340	356
123
124
125	461	498	1113	511	533	1068	818	237	488	70	45	999	61
126
127
128
129
130	160
131	1057	514	156	574	20	641	993	569	44	60	419	1056	989	1078	726	96
132
133
134
135
136
137	911	83
138
139
140
141
142
143
144
145
146
147	522	687	627	305	561	937	658	491	255	594
148	37
149
150
151	168	947	1051
152
153
154
155
156	701	103	605
157
158	782	216	760
159
160
161
162
163	37
164
165	1148	1134
166
167
168
169
170
171	619	1037
172
173
174
175
176
177
178
179
180
181
182	835	482
183
184
185	227	487	285
186
187
188	1141	1060	350	746	353	616	111	516	1040	854	840	1114	312	733	858	783	1028	151	1143	376	412
189
190
191	348	416	1110	1162
192	62	770	882	929	540
193	545	1128
194
195	496	776
196
197
198
199
200
201
202
203	723
204
205	142
206
207	877	946	78	824	185
208
209
210	298	697
211	338	133	225	1159	696	421	87	886	357	27
212
213	624
214
215
216
217	933	778	1098	205	361
218	596
219
220
221	1102	1132
222
223
224
225
226	198	804	706	987	792	1157
227
228	189	567
229	1039	688	907
230
231
232
233	1020
234
235
236
237	788
238
239	281
240
241	427
242
243	186	1160
244
245
246	838	573
247	725	1045	223	339	484	152	35	634	1072	797	895	351	297
248
249
250	1046
251	1147
252
253	259	445
254
255
256
257
258
259
260	449
261	1166
262	59	860	92	124	527	135
263	983	326	913	341
264
265
266
267
268
269
270
271	1103	1042
272
273	408
274
275
276	58
277
278
279
280
281
282
283
284	23	914
285
286	444	670	415	249	1135	925	1003	48	1167	349	392	127	332	719	158	1119	1030	450	834	639	165	911	583	284	961
287	557
288
289
290
291
292	463	793	291	685	1044	233	982	477	626	399	853	935	873	369	471	711	1053	695	465	322	386	607	401	932	550	692	1149	280	1153	215	181
293
294
295
296	587
297
298	727	220	489	967	108	580	363	139	126	767	116	56
299
300	666
301
302
303
304
305
306
307
308
309
310
311
312
313
314
315
316	667	1122
317	154	653
318	370	630	1002
319
320	383	1018	591	74	723	661	617	724	296	779
321	13	424	745	492	403	388
322	272
323	743
324
325
326
327
328
329
330
331
332
333
334
335	1100
336	261	243	936	659
337
338
339	453
340
341	146	689	896	526	806
342
343
344
345	409	1000	89	675	144	923	802	9
346	450	165
347	365	494	789	479	528	183	1019
348
349	442
350	746	912
351	67	447	457	128	968	1096	248	453	502	872	565	518	300	234	814	551	364	327	642	297
352
353
354
355
356
357
358
359
360	331
361
362
363
364
365
366
367
368
369
370
371
372
373
374
375	53
376
377	25
378
379
380	140	1036	377	679
381
382
383	515
384
385	179	768	156
386
387
388
389
390
391
392	1074
393
394
395
396
397
398	474
399
400	622
401
402
403
404
405
406	765	1077	393	1108	469	112	563	621	1136
407
408
409	1152	735
410
411
412	302	222	65
413
414
415	216
416
417	102
418
419
420
421
422	649	537	212	629	1047
423
424
425	15
426	879	697	308	52	949	192	749	334	948	857	521	838	347	635	892	654	856	1120	1054
427
428
429
430
431	438	288	1084	355	677
432
433
434
435
436	730	889	178
437
438	1066
439
440
441	994	1129	439	1004	500	93	309	1099	1013	698	1065	397	428	531	391	870	132
442
443	136	590
444
445	352
446	1085
447	1150	918	8	798	970	145	559	46	417
448	432	329	236
449
450	536
451
452
453
454	252	577
455	2	794
456
457	694	1031	114
458
459
460
461	287
462
463
464
465
466
467
468
469	598
470
471	1140
472
473
474
475
476
477
478	943
479
480
481
482
483	965
484
485
486
487
488	1073	623	1067
489
490	739	203	898	927	380	640	320	1145	920
491
492
493
494
495
496
497
498
499
500
501
502
503
504
505
506
507
508
509
510
511	398	705	950	276	1088	751	839	171	317	821	1127	61
512
513
514
515	523
516
517
518	750	371	513	815
519
520
521
522	473	937
523
524
525
526	71	10
527	915	1026	270	1090	532
528
529
530
531
532
533	1073	434
534
535
536	378	611
537
538
539
540
541
542	562
543
544
545
546
547
548	218	608	79	257	850	1050	360	938	235	754	481	1133	957
549
550	1109
551
552
553
554
555
556
557
558	456
559	221
560	962
561
562
563
564
565
566	548	1123	1029
567	1087
568
569
570
571
572
573
574
575	389
576
577
578	977	648	686
579
580
581	475
582	578	875	304
583	242	1168	1156	758	665	91	558	405	228	899	676	1134	867	729	1038
584
585
586
587
588
589
590
591	663	217	318	673	101	426	948	370	121	1121
592
593
594	305	454
595
596
597
598
599
600
601
602	422	586	448	904	507	822
603
604
605
606
607	325
608
609	486	579	991	505	902	542	893	534	68	655	547	952	562	273	418	337	359	1137
610
611
612
613
614	64	443
615
616
617
618
619	890	191
620
621
622
623	1067
624
625
626
627
628
629	1062
630
631	314	993	951	569	131	1056	382	931	726	96	757
632	737	901	1154	399	722	465	556	401	55	181
633
634	871	300
635
636
637
638
639
640	478	874
641	209
642
643
644
645
646
647	809
648
649	390	39
650	455	344
651
652
653	1138
654
655
656
657	63
658
659
660
661	370	643
662	6	671	883	118	593	206
663
664	230	436
665
666
667
668	995	31	785	657	169	1091	647
669
670
671	672	866	585	22	134	741	240	0	1151	975	51	493	869	1075	113	633	909	660	780	174	771	11	299	379	819	282	888	206
672
673
674
675
676	966	600	656	456	330
677
678	979	1161	976	504	1115	1164	263	86	972	176
679	394	254
680	177	954	942	247	878
681
682	72
683	307	265
684
685
686
687	452	618	194
688
689	832	400
690	575	683
691
692
693
694
695
696
697	446	1085	851	917	138
698
699	1015	107	34	141
700	859
701
702
703	717	837
704
705	1093	848	529	582
706
707
708	261	865	85
709	801
710	429	137	718
711
712
713
714
715
716
717
718
719
720	974	262	985	928
721
722
723	217	673
724	690	1001	581	1021	334	440	736	246	926	104
725
726
727
728
729
730
731
732
733
734
735
736	303
737
738
739
740
741
742
743	125	26	842	678	900	207	32	609
744
745
746
747	738	41	822
748
749	208	50	464
750	264
751
752
753
754	876
755
756
757
758
759
760
761	636
762
763	807	1106
764
765
766
767
768	637	681	54
769
770
771
772
773
774	1079	812
775
776	164	645	595	1116	897	891	95	315	468	744	362	828	963	615	311	1035	99	260	110	740	716	1048	1017	910	411	167	553	998	1118	224	811	278	564	1071	1163	1155	1069	283	1107	766	423	1034	847	366
777	1064
778
779	1021	1101	720	147	117	594
780
781
782
783
784
785
786
787
788	820
789
790
791
792
793
794
795	148	163
796
797	8	871	327
798	813	894	786
799
800	756
801
802	703	184	26
803	463	1077	652	172	1059	480	1009	3
804	799
805	490	372
806	1095
807
808
809
810
811
812	97
813
814
815
816
817	460	256	295
818	1124	588
819
820
821	294	884	431	1010	211	592
822	713	752
823	289	578	1093	699	1138	631	131
824	969	762	747	602
825
826
827
828
829	219
830
831
832
833	830
834	682	911
835
836
837
838
839	693
840	375	1028	664	77
841
842	202
843
844
845
846
847
848
849
850
851
852
853
854	328
855
856
857
858	336	763	941	82	1055	708	123	1082	544	803	229	18	402	710	1028	161	718
859
860
861
862
863
864
865	1166
866
867	753
868
869
870
871
872
873	939
874	943
875
876
877	1111	90	795
878	619	407	17	30	351	241
879	238	800	796
880
881
882
883
884
885
886
887	843	213	29
888
889
890
891
892	510	864
893
894	1011
895
896
897
898	499
899	826
900	269	990	1081
901
902
903
904	324
905
906
907
908
909
910
911	646	1024
912
913	576	555
914
915
916
917
918
919
920	69	1014	715	773	47	425	1070
921
922
923	650	678	684	805	777	609
924
925
926
927	130	772
928	94
929
930
931
932
933	149	628
934
935
936
937	473
938
939
940	251	845	1142
941
942
943
944
945	849	310
946	841	19
947
948	210	142	833	205
949	520	1105	638
950
951	419
952
953	420	7
954	508	17
955
956
957	669
958	267
959
960	239	619	680	878
961	374
962
963
964
965
966	651
967
968
969	586
970
971
972	1
973
974	1006	829
975
976
977
978
979	1061	226
980	844
981
982
983
984
985
986
987
988
989	868	997	597	959	732	173
990
991
992
993
994	903
995
996
997
998
999
1000	1117	57	940	413	470	414
1001
1002
1003	467	769	358	1074	242	23	374
1004
1005
1006
1007
1008
1009
1010	530	691	1043
1011
1012
1013
1014
1015
1016
1017
1018	120	566	662
1019
1020
1021	945
1022	441	784
1023	880
1024
1025
1026	157
1027
1028
1029
1030
1031
1032
1033
1034	188
1035
1036	271	1158	517	525	319	1076	1103	396	774	881	1086	584	1131	817	373	1130	430	335	554	1022
1037
1038
1039
1040	402
1041
1042
1043
1044
1045
1046	791
1047	958
1048
1049
1050
1051
1052
1053
1054
1055
1056
1057
1058
1059	916
1060	632	435	292	122	16	406	321
1061	43
1062
1063
1064
1065
1066
1067	846
1068
1069
1070
1071
1072
1073
1074
1075
1076
1077	755
1078
1079
1080
1081	589	906	343	342	433	549	279
1082
1083
1084
1085
1086
1087
1088	529	317	1127
1089
1090
1091
1092
1093
1094
1095	748
1096
1097
1098
1099
1100
1101
1102	293
1103	812	784
1104	119
1105	197	38	275	105	28	644	759	476	568	170	143
1106
1107
1108
1109
1110	348	416
1111	560	385	179	962	1080	978
1112
1113
1114	395	21
1115
1116
1117	1097	761
1118
1119
1120	84	115	1016	986	49	166
1121	930	277	361	654	601
1122
1123	596	162	503	199	728	604	934	258	98	924	908	290	76	808	506	981	150	333	36	1092	613	674	472	988	66	855	992	1032	88	787	1025	381	1146	905	702	14	367	984	781	109	775	214	552	606	603	437	625	306	1052	387	612	40	495	704	509	200	485	816	610	1089	541	81	497	155	831	153	827	764	921	980	844	1029	876	206	1125	599	669
1124	5	863
1125
1126
1127
1128
1129
1130
1131
1132	519	709
1133
1134
1135
1136
1137
1138
1139
1140
1141	336	21
1142
1143	1144
1144
1145	535
1146
1147
1148
1149
1150	232	1041	1083
1151
1152
1153
1154
1155
1156
1157
1158	1103
1159
1160	316
1161
1162
1163
1164	955	512
1165	721	451	246
1166
1167
1168
