0	81	194
1	145	172
2	237
3	178
4	199
5	100
6	253
7	178
8	194
9	253
10	28
11	162
12	165	158
13	205	199
14	129
15	17
16	199	250	217	165
17	81
18	68
19	162
20	162
21	203
22	199
23	199	162
24	194
25	81
26	47
27	199
28	135
29	194	113
30	199
31	194
32	81	194
33	194	135
34	81	194	135
35	199
36	199
37	199
38	193
39	199
40	59
41	245	45
42	194	135
43	245
44	194
45	91	199
46	199	135
47	162	94
48	162	163	112
49	199
50	199
51	199
52	133
53	256	194
54	256	194
55	256	194
56	256
57	138
58	138	199
59	165
60	199
61	199	91	94
62	17
63	199
64	92	69
65	6
66	6
67	17	158	91	199
68	133
69	199
70	162	133
71	49	15
72	199
73	203	113
74	162
75	101
76	158	75
77	89	205	75
78	75	158
79	100	158
80	199	142
81	177
82	75
83	199	247	52	141
84	158
85	199	194	135
86	88
87	193	199
88	92
89	199
90	91
91	162
92	199
93	162
94	199
95	199
96	28
97	199
98	193
99	116
100	121	180	112	142
101	156
102	199
103	194
104	194
105	155	61
106	194
107	81	194
108	135
109	194
110	194	135	254
111	199
112	178
113	28
114	113	81
115	194
116	81	194
117	194
118	199	179
119	98
120	85	194
121	194
122	199
123	194
124	98	193	162	45
125	45
126	100
127	81
128	75
129	85	81	194
130	89
131	245
132	193	245	199
133	203	194
134	162
135	194
136	194	135
137	245
138	199
139	199
140	162
141	88
142	17
143	123
144	199	255
145	162
146	155	61
147	199
148	179	199
149	199
150	199
151	177	46
152	225
153	194	135
154	162
155	199	212	142
156	194
157	69	171
158	203	119
159	203	194
160	245
161	75
162	81
163	81
164	81
165	211	135
166	177
167	179
168	199
169	135
170	128
171	98
172	205	193	192
173	101
174	147
175	129
176	179
177	118	162	179	88
178	199	133
179	179
180	177
181	28	161
182	135
183	194
184	88
185	245
186	240
187	47
188	82
189	234
190	199
191	145
192	200
193	179
194	88
195	194	135
196	88
197	199
198	83
199	199
200	199
201	199
202	81
203	242	194
204	194
205	52	142
206	199
207	162	91	58
208	58
209	153
210	85	194
211	199
212	253
213	81	93
214	81
215	35
216	178	234	28
217	158	75
218	199
219	199
220	148	147	199
221	203	113
222	194	113
223	194	113
224	194	113
225	194	113
226	194	113
227	194	113
228	81	194	135	113
229	113
230	135
231	203
232	162
233	199
234	199
235	158	199
236	56	13
237	203
238	213	54	152
239	165
240	255	133
241	78	161
242	47
243	237
244	237
245	113
246	162
247	162
248	162
249	199
250	135
251	148	147	199
252	213	184	116	107
253	199
254	47
255	189	169
256	81
257	28	88
258	189	169
259	176	116	213
260	28
261	135
262	199
263	28
264	135
265	199
266	162
267	193
268	47
269	101
270	225
271	135
272	101
273	101
274	133	162
275	121	163	112
276	101
277	199
278	203	85
279	199
280	135	199
281	199
282	61	199
283	194
284	194	199
285	162
286	194
287	177
288	94
289	203	135
290	158
291	81
292	199
293	199
294	162
295	81	93
296	165	133
297	132
298	194	135
299	194
300	194
301	194	81
302	205	245	162
303	47
304	47
305	237	162
306	199
307	199
308	162
309	162
310	199
311	199
312	242	81	194
313	199
314	194	135
315	199
316	81
317	65
318	199
319	34
320	203	194
321	194
322	146
323	194
324	75
325	82
326	121	158
327	203	85	194	81
328	189	184	206	107
329	75
330	17
331	47
332	194
333	189	184	206
334	94	199
335	161	165	35	155	30	61
336	162
337	162
338	199	162
339	199
340	192	133
341	199
342	123	245	162
343	194
344	199
345	199
346	199
347	165	250	217	204
348	28
349	199
350	94	69
351	91	162
352	203	194
353	199
354	23	135
355	142	83	158
356	121
357	69	212
358	162
359	101
360	123
361	203
362	194
363	194
364	199	135
365	199
366	177	106
367	189	169	152
368	189	184	206
369	210	162	133
370	203	194	81
371	14
372	94	162	91	193	200
373	162
374	162
375	212
376	162	91	94	200	193
377	162
378	161
379	47
380	194	113
381	113
382	81	194	135	113
383	81	194
384	194
385	194
386	133
387	193
388	199
389	47
390	81
391	91
392	199
393	123	162
394	82	123
395	217	199
396	69
397	225
398	203
399	81
400	194
401	94
402	213	233	184	176	116
403	81	203	194
404	81
405	199
406	199
407	199	140
408	199
409	194
410	245
411	81	135
412	162
413	217	162
414	129
415	194	113
416	86
417	88	68
418	133
419	177
420	113
421	199
422	189	206
423	199
424	199
425	20
426	81
427	162	83
428	135
429	17
430	253	128
431	139	222
432	86
433	86
434	177	217
435	194
436	203	194
437	81
438	100
439	100
440	113
441	35
442	176	116	213	107
443	135
444	253	128
445	217	192
446	162
447	227
448	199
449	130
450	193
451	95
452	199
453	203	194
454	194	135
455	199
456	165	158	199
457	189	184	57	107
458	199
459	203	85	194
460	203	194
461	237
462	81
463	158
464	199
465	199
466	88	179	200
467	64	199
468	212
469	47
470	199
471	88
472	88
473	139
474	14
475	14
476	14	216
477	216	14
478	203
479	135
480	81
481	199
482	165
483	213	4	114	74
484	165
485	123	177	165
486	158	161
487	165
488	199
489	135
490	161	35
491	100
492	81	135	113
493	212	199
494	194
495	101	148	238
496	148
497	177
498	162
499	194
500	158	89
501	100	158	59
502	194	77
503	194
504	101
505	245
506	81	93
507	110
508	135	199
509	194
510	81
511	203
512	182
513	162
514	135
515	101
516	135
517	203	81
518	194
519	194	29
520	81
521	135
522	75
523	203
524	138	217
525	100
526	47
527	81
528	148	147
529	85
530	194	135	242
531	194	135	199
532	189	184	206
533	38
534	19
535	233	152	213	107
536	58
537	121
538	85
539	194	135
540	162
541	177
542	23
543	162
544	199
545	162
546	89	86
547	89	86
548	135
549	194	135
550	17	199
551	199
552	140
553	81	93
554	81	194
555	212
556	81	117
557	162	52	3
558	199
559	203
560	203	139
561	240
562	236	212
563	194
564	135
565	254
566	199
567	135
568	199
569	101
570	101
571	161
572	162	3
573	52
574	135
575	225
576	95
577	101
578	177
579	194	81	135
580	203	81	194
581	203
582	193	200
583	225
584	194
585	194
586	199
587	203	85	194
588	199
589	147	199
590	194
591	81	135
592	121	112	52
593	203	119
594	163
595	199	94	237	212
596	178
597	135
598	242	135
599	95
600	194	135
601	162
602	212
603	3
604	81
605	81
606	162
607	227	101
608	81
609	203
610	225
611	135
612	189	184	206	107
613	194
614	135
615	199
616	199
617	203	194
618	161
619	203	81	194
620	237
621	203
622	199
623	189	243	152
624	199
625	140
626	81	194	135
627	170
628	237	199
629	162
630	135
631	81	194
632	189	169
633	189	169
634	135
635	199
636	135
637	194	135
638	94
639	203	85
640	194	135
641	135
642	129
643	199
644	194	135
645	135
646	177
647	177
648	203
649	194
650	162
651	199	142
652	81
653	17
654	91
655	17
656	194
657	126
658	75
659	189	54	213	156
660	189	169	152
661	225
662	225
663	233	213	116	107
664	94
665	17
666	194
667	52
668	194
669	162
670	140	158	165
671	168
672	199	165	217	83
673	78	161
674	91
675	47
676	158
677	199
678	135
679	58
680	199
681	81	194	135	113
682	162
683	158
684	95
685	118
686	135
687	194
688	162
689	158
690	56
691	194
692	69
693	225	96
694	199
695	91	94	237	199
696	203	194
697	158
698	121
699	135
700	199	135
701	17
702	69
703	162
704	81
705	47
706	81	93
707	68
708	162	91
709	135
710	242
711	101
712	153
713	96	225
714	81
715	158
716	135	177	192
717	140
718	52
719	135
720	81
721	194
722	81
723	194	135
724	177
725	194
726	135
727	135
728	237
729	65	212
730	81
731	199	212
732	203
733	17	199
734	135
735	179
736	129
737	56	13
738	199
739	199
740	52
741	81
742	88
743	6
744	203	81
745	226
746	135
747	61	162
748	203	194
749	105	146	194	135	93	81
750	203	194
751	225
752	81	135
753	65	212
754	69
755	177
756	177
757	194
758	203	85
759	101
760	135
761	91	162
762	123
763	162
764	141
765	199
766	237	199
767	6
768	199
769	45
770	203
771	203
772	245
773	212
774	75
775	194
776	194
777	199
778	225
779	101	55
780	194	135
781	225
782	162	199	91
783	45
784	236
785	199
786	17	199
787	199
788	69	171
789	69	236	171	212
790	85
791	189	169
792	189	169
793	245
794	199
795	199
796	194
797	126
798	101
799	56	98
800	17
801	91	199
802	199	91
803	199
804	162
805	199
806	117	135
807	146	225
808	199
809	81
810	199
811	47
812	158	112
813	162
814	204	199
815	225
816	65
817	194
818	194
819	135
820	194
821	225
822	47
823	225
824	194
825	194
826	212	162
827	47
828	203
829	110
830	135
831	227
832	227
833	162
834	81
835	81
836	236	69	212
837	81	194
838	56	158	98	200	13	193
839	81
840	69
841	217	212
842	135
843	81
844	85	194
845	194
846	17
847	165	212
848	164
849	135
850	162	83
851	194
852	189	169
853	203	194
854	135	212
855	177
856	211
857	203
858	203
859	81	85	194
860	81
861	58
862	161
863	113
864	20
865	113	85
866	135
867	91	237
868	194	135	254
869	88
870	81	194
871	161
872	203
873	194
874	162	199	158	200
875	135
876	203	194
877	155	61	83
878	81
879	47
880	203	194
881	113
882	203	85	117	194
883	177
884	213	54	156
885	162
886	135
887	135
888	82	123	75
889	91
890	75
891	179
892	101
893	194
894	135
895	194
896	81	194
897	194
898	225
899	162
900	135
901	125	213
902	81	194
903	135
904	163	112	121
905	81	117
906	135
907	194
908	75
909	135
910	203
911	141
912	240
913	194
914	100
915	158
916	194
917	139
918	133	3
919	47
920	113
921	194	113
922	158	227
923	81
924	78	161
925	13	88
926	194
927	81
928	158	200
929	196
930	101
931	203
932	213	184	116
933	203
934	133	192
935	81
936	194
937	135
938	9
939	147
940	123
941	161
942	203
943	194
944	203	119
945	101
946	194
947	240
948	194
949	194	113
950	135	139
951	194
952	141
953	203
954	194
955	162
956	194
957	94	252	91
958	94
959	81	194
960	177
961	189	184	206	107
962	194	135
963	47
964	81
965	113
966	100
967	81
968	199
969	203
970	56
971	136
972	81
973	194
974	135
975	194
976	203
977	20
978	236
979	203
980	236	212
981	203	194
982	135
983	176	116	213
984	213	54	156
985	189	233
986	198
987	81
988	135
989	194	135
990	194	29
991	81
992	200
993	203	194
994	64	3
995	94
996	81
997	203	194
998	81
999	113
1000	91
1001	47
1002	194	135
1003	153
1004	47
1005	40	41	77	144
1006	203
1007	85	194
1008	180	158
1009	203
1010	135
1011	91
1012	17
1013	123
1014	194
1015	100
1016	146
1017	49
1018	194
1019	194
1020	194	135
1021	85
1022	85	81	194	135
1023	203	85	194
1024	194
1025	194
1026	81
1027	94
1028	121
1029	162
1030	153
1031	81
1032	61
1033	101
1034	17	193	91
1035	81	194
1036	100
1037	225
1038	203	194
1039	23
1040	135
1041	135
1042	204
1043	194
1044	194
1045	194	85
1046	101	106
1047	177	101	106
1048	101	106
1049	47
1050	20	193
1051	135
1052	81
1053	113
1054	81
1055	135
1056	163	112
1057	194	135
1058	194
1059	61
1060	203
1061	81	85
1062	199
1063	194	135
1064	135
1065	194
1066	194
1067	244
1068	242	135
1069	225
1070	165
1071	199
1072	135
1073	135
1074	211
1075	189	169	152
1076	240	194
1077	203	81
1078	225
1079	164
1080	225
1081	162
1082	203
1083	135
1084	226	69
1085	220
1086	165	142
1087	203
1088	47
1089	225
1090	194
1091	55
1092	203	85	81
1093	148	147	238
1094	225
1095	194
1096	194	135
1097	199	3
1098	247	52
1099	135
1100	135
1101	146	135
1102	203
1103	55
1104	217
1105	200
1106	47
1107	81
1108	163	112
1109	236	99
1110	242
1111	6
1112	194
1113	100	158
1114	101
1115	101	177
1116	135
1117	113
1118	135
1119	225	96
1120	69
1121	147
1122	179
1123	203
1124	135
1125	162
1126	203
1127	81
1128	81	135
1129	203
1130	194
1131	135
1132	58	192
1133	135
1134	203
1135	238	148
1136	203	194
1137	194
1138	94
1139	194	135
1140	194
1141	81	194
1142	203
1143	91
1144	194	135
1145	192
1146	192
1147	161
1148	194
1149	158
1150	98	193
1151	65
1152	158	133
1153	194
1154	101
1155	203	194
1156	213	233	33
1157	81
1158	81
1159	203	194
1160	101
1161	56
1162	56	179
1163	28
1164	179
1165	94
1166	162	91	94	200
1167	203	194
1168	147
1169	199
1170	96	225
1171	196
1172	194
1173	168
1174	56
1175	212
1176	81
1177	20	205
1178	135
1179	227
1180	200	91
1181	81
1182	47
1183	101
1184	47
1185	81
1186	203
1187	81
1188	236
1189	81
1190	225
1191	245
1192	101	179
1193	135
1194	47
1195	180
1196	113	194
1197	3
1198	135
1199	34
1200	81
1201	194
1202	147
1203	177
1204	145
1205	227
1206	238	147
1207	212
1208	212
1209	177
1210	199
1211	64	3	199
1212	199
1213	194
1214	225
1215	203
1216	34
1217	194	135	113
1218	121	52
1219	194
1220	226	61
1221	64
1222	203	85	194
1223	55
1224	17
1225	194
1226	162
1227	203
1228	194	135
1229	91	161
1230	135
1231	85	194
1232	69	226
1233	75
1234	81
1235	81	93	135
1236	135
1237	133	199
1238	55
1239	55
1240	78	161
1241	17
1242	47
1243	95
1244	91
1245	226	69	212
1246	177
1247	81
1248	24
1249	24
1250	100
1251	91
1252	178
1253	91
1254	203
1255	199	3
1256	75
1257	135
1258	135
1259	135
1260	247	140	52
1261	225	164
1262	135
1263	177
1264	240
1265	164
1266	255	133
1267	165
1268	194
1269	81	242
1270	81
1271	177
1272	203	194
1273	43
1274	17
1275	135
1276	164	141
1277	113
1278	75
1279	85	194
1280	225
1281	203	85
1282	203
1283	203	194
1284	203
1285	203
1286	157	138
1287	178	182
1288	113	194
1289	162	199
1290	203	85
1291	203
1292	113
1293	225	96
1294	225
1295	177
1296	158
1297	245
1298	194
1299	94
1300	135
1301	194
1302	194
1303	40	135
1304	194
1305	199	179
1306	203
1307	135
1308	113
1309	17
1310	47
1311	81	194
1312	135
1313	158
1314	213	233	33
1315	213	233	33
1316	220	199
1317	194	41
1318	194	135
1319	148
1320	81
1321	178
1322	194
1323	245
1324	194
1325	170
1326	196
1327	146	168
1328	194
1329	194
1330	132
1331	56
1332	11
1333	100
1334	194
1335	89	86
1336	179
1337	100
1338	135
1339	200
1340	194
1341	200
1342	135
1343	149
1344	135	242
1345	55
1346	135
1347	225	96
1348	43
1349	135
1350	91	237
1351	135
1352	245	135
1353	75
1354	162
1355	164
1356	194
1357	162
1358	81
1359	194
1360	194	135
1361	255
1362	165
1363	81
1364	135
1365	81
1366	121
1367	75
1368	75
1369	225
1370	189	184	206	107
1371	189	184	206
1372	113
1373	244
1374	81	117
1375	194
1376	91
1377	139
1378	81	117
1379	194
1380	194
1381	192	193
1382	199	83
1383	135	81
1384	135
1385	86	194
1386	85
1387	135
1388	5
1389	141
1390	81
1391	94
1392	199
1393	52
1394	94
1395	69	212
1396	162
1397	203
1398	225
1399	199
1400	158
1401	95
1402	158
1403	86	255
1404	43
1405	110
1406	203
1407	158
1408	194
1409	158
1410	158
1411	203
1412	95
1413	247
1414	194
1415	81
1416	194	135
1417	194
1418	194
1419	17
1420	64
1421	47
1422	182
1423	146
1424	78	161
1425	135
1426	205
1427	94
1428	101
1429	94
1430	164
1431	91	237
1432	240
1433	89	205	20
1434	135
1435	135
1436	225
1437	225
1438	45
1439	101
1440	158
1441	225
1442	203	194	85
1443	96	225
1444	203
1445	179
1446	81
1447	240
1448	78
1449	203
1450	203	85	194
1451	35
1452	135
1453	162
1454	95
1455	194
1456	55
1457	135
1458	81
1459	236	103
1460	81
1461	69
1462	237
1463	75	158
1464	9
1465	203	194
1466	49
1467	9
1468	9
1469	9
1470	9
1471	240
1472	91
1473	162	147
1474	194
1475	35
1476	75
1477	227
1478	35	52
1479	64
1480	203
1481	20
1482	135
1483	91	162
1484	85	203
1485	110
1486	203	119
1487	165	17	83
1488	135
1489	199
1490	135
1491	211
1492	135
1493	101
1494	217
1495	20
1496	194
1497	203	85
1498	151
1499	121	52
1500	140
1501	211
1502	81	135
1503	81
1504	17
1505	47
1506	194	135
1507	192	138
1508	199
1509	247
1510	161
1511	211
1512	203
1513	135
1514	212
1515	129
1516	135
1517	177
1518	113
1519	135
1520	211
1521	47
1522	81
1523	225
1524	194	113
1525	85	194
1526	81
1527	85	194
1528	158
1529	161
1530	203
1531	210
1532	210
1533	203
1534	203
1535	85
1536	146	139
1537	217
1538	194	23	135
1539	194
1540	81	135
1541	177
1542	81
1543	135
1544	14
1545	35
1546	194	135
1547	81	93
1548	24	178
1549	133
1550	17
1551	17
1552	135
1553	225
1554	19	176	189
1555	11
1556	225
1557	47
1558	194
1559	203	194
1560	113
1561	161
1562	47
1563	6
1564	95
1565	161
1566	203
1567	225
1568	100
1569	69
1570	81
1571	47
1572	75
1573	141	225
1574	100
1575	216
1576	216
1577	225
1578	101
1579	194	135
1580	86
1581	212	69
1582	20
1583	194
1584	177	46
1585	194	135
1586	225
1587	203	194
1588	203	194
1589	203	194
1590	177
1591	85	203
1592	203
1593	81
1594	203
1595	194
1596	203	194
1597	85	194
1598	203	81
1599	81
1600	81	117
1601	81
1602	47
1603	194
1604	194
1605	194
1606	194
1607	20
1608	135
1609	194
1610	208
1611	203
1612	194
1613	194
1614	135
1615	81
1616	141	61	142
1617	135
1618	135
1619	135
1620	55
1621	198
1622	225
1623	112
1624	240	135
1625	141	83
1626	165
1627	225
1628	203
1629	194
1630	203	194
1631	203	194
1632	17
1633	194
1634	100
1635	85
1636	81	135
1637	194
1638	203	194
1639	203	194
1640	194
1641	194
1642	203	194
1643	203	194
1644	203	194
1645	69
1646	203	194
1647	165
1648	192
1649	194
1650	203	194
1651	203	194
1652	203	194
1653	101
1654	135
1655	203	194
1656	203	194
1657	94
1658	203	194
1659	203	194
1660	118
1661	194
1662	135
1663	203	194
1664	194
1665	194	203
1666	203	194
1667	3
1668	225
1669	213	184	125	116
1670	35	165
1671	212	69
1672	158	196
1673	113
1674	225
1675	17
1676	194
1677	135
1678	47
1679	91
1680	194
1681	203
1682	135
1683	203	85
1684	3
1685	212
1686	135
1687	94
1688	75
1689	135
1690	177
1691	203
1692	194	113
1693	194	135
1694	194
1695	139	135	91
1696	100	158
1697	113
1698	135
1699	162
1700	81
1701	5
1702	3
1703	189	176	19
1704	17	3
1705	135
1706	23
1707	177
1708	240
1709	237
1710	158
1711	194
1712	162	199
1713	200
1714	194
1715	194	113
1716	80
1717	217	199
1718	203	85	113
1719	85	113
1720	85	113
1721	85	113
1722	194	113
1723	194	113
1724	194
1725	177
1726	135
1727	158	43
1728	194
1729	252
1730	80
1731	86
1732	85
1733	135
1734	81
1735	237
1736	203
1737	135
1738	135
1739	192
1740	203	194
1741	194	135
1742	242	135
1743	227	98
1744	226
1745	135
1746	194	135
1747	162
1748	203
1749	135
1750	91	154
1751	194	113
1752	135
1753	162
1754	95
1755	56
1756	179
1757	47
1758	177
1759	135
1760	91
1761	40
1762	101
1763	56
1764	193
1765	56	200
1766	165	83
1767	212
1768	194
1769	135
1770	91
1771	240
1772	194	135
1773	112
1774	255	133
1775	255
1776	255
1777	255
1778	199
1779	164
1780	199
1781	135
1782	212
1783	14
1784	194	135
1785	91	158	17
1786	81
1787	203	85
1788	129
1789	35
1790	208
1791	178
1792	85	194
1793	162
1794	135
1795	81
1796	81
1797	52
1798	194	85
1799	194
1800	213	184	116
1801	177
1802	147	177
1803	177
1804	95
1805	81
1806	194
1807	135
1808	55
1809	81	194
1810	198
1811	113
1812	194
1813	194
1814	194
1815	194
1816	194
1817	135
1818	194
1819	142
1820	194
1821	194
1822	194
1823	203
1824	85
1825	194
1826	81
1827	192
1828	158
1829	155	86	161
1830	147
1831	81
1832	82	86
1833	6
1834	237
1835	225
1836	165
1837	91
1838	88	177
1839	162
1840	135
1841	95
1842	142
1843	65
1844	200	162
1845	194
1846	203
1847	194
1848	225
1849	113
1850	194
1851	203
1852	135
1853	194
1854	94	237
1855	81
1856	81	135
1857	192
1858	194	40
1859	194
1860	162
1861	178
1862	194	135
1863	135
1864	69	212
1865	165	212
1866	47
1867	135	81
1868	78
1869	146	222
1870	135
1871	245
1872	203
1873	236	69
1874	112	226
1875	135
1876	135
1877	81
1878	81
1879	194
1880	194
1881	236
1882	69	212
1883	203	194
1884	203
1885	135
1886	47
1887	194
1888	86
1889	6
1890	225
1891	203	81
1892	83
1893	31
1894	94
1895	135
1896	177	88
1897	177
1898	177
1899	179
1900	179
1901	179
1902	194	81
1903	217
1904	20
1905	95
1906	101
1907	81
1908	69	236
1909	177
1910	101	148
1911	226
1912	135
1913	240
1914	135
1915	203
1916	135
1917	135
1918	200	88
1919	3
1920	83
1921	194
1922	23
1923	203
1924	240
1925	240
1926	236
1927	194
1928	240
1929	194
1930	47
1931	158
1932	81
1933	95
1934	135
1935	194
1936	194
1937	55
1938	225
1939	225
1940	194
1941	162
1942	194	135
1943	135
1944	203
1945	225
1946	194
1947	237
1948	203
1949	75
1950	236
1951	203
1952	85
1953	47
1954	13
1955	135	242
1956	203	194
1957	194	135
1958	147	238
1959	203	194
1960	17	199
1961	180	212
1962	121
1963	194
1964	203
1965	203	85
1966	194
1967	158
1968	194	135
1969	194
1970	91
1971	225
1972	47
1973	194
1974	81
1975	199	52
1976	158
1977	135
1978	194	113
1979	91	199	158
1980	182
1981	135
1982	146
1983	194
1984	85	194
1985	81	135
1986	170
1987	177
1988	164
1989	203
1990	14
1991	194
1992	121
1993	101
1994	237
1995	35	165
1996	135	194
1997	203
1998	211
1999	179	88
2000	158
2001	135
2002	203
2003	177
2004	101
2005	135
2006	203
2007	112
2008	203	119
2009	86	20	173
2010	47
2011	89
2012	81
2013	47
2014	23
2015	41	77
2016	194
2017	113
2018	88	177	118
2019	240
2020	17
2021	117	194	135
2022	177
2023	203
2024	165	83
2025	240
2026	212
2027	135
2028	254
2029	141
2030	75	204
2031	162
2032	203
2033	203
2034	212
2035	213
2036	198
2037	75
2038	88	177	56	118
2039	203	85	194	113
2040	203
2041	216
2042	135
2043	35
2044	31
2045	69
2046	95
2047	135
2048	45
2049	178
2050	158
2051	55
2052	95
2053	91	252
2054	207
2055	194
2056	194
2057	212
2058	240
2059	135
2060	225
2061	225
2062	203
2063	75
2064	242
2065	225
2066	203
2067	194
2068	85	194
2069	135
2070	69
2071	225
2072	225
2073	118
2074	58
2075	199
2076	170
2077	199
2078	194
2079	135
2080	182	234
2081	69	99	212
2082	194
2083	245
2084	194	135
2085	225
2086	91	212
2087	101
2088	203
2089	47
2090	47
2091	78	161
2092	162
2093	237
2094	247
2095	135
2096	17
2097	171
2098	47
2099	210
2100	135
2101	203	194
2102	178
2103	86
2104	99	212
2105	75
2106	225	96
2107	203	85	194
2108	165
2109	199
2110	203	85	113
2111	199	212
2112	212
2113	135
2114	30
2115	95
2116	194
2117	110
2118	135
2119	85
2120	88
2121	75
2122	230	194
2123	194
2124	47
2125	211
2126	28
2127	234
2128	28
2129	28
2130	135
2131	240
2132	192
2133	162	91
2134	240
2135	46	123
2136	133	149
2137	203	119
2138	17
2139	203
2140	203
2141	194
2142	225
2143	194	135
2144	203	194
2145	227
2146	91
2147	194
2148	95
2149	75
2150	75
2151	47
2152	95
2153	81
2154	178
2155	69
2156	161
2157	177
2158	61
2159	182
2160	101
2161	217
2162	82	123
2163	162
2164	81
2165	185
2166	194
2167	199
2168	194	135
2169	94
2170	194
2171	200
2172	141
2173	200
2174	142
2175	47
2176	113
2177	135
2178	40
2179	193
2180	162
2181	47
2182	135
2183	141
2184	203
2185	113
2186	88
2187	59
2188	161	61
2189	161
2190	237
2191	135
2192	81
2193	194
2194	135
2195	199
2196	91
2197	225
2198	158
2199	86
2200	95
2201	194
2202	211
2203	225
2204	113
2205	80
2206	129
2207	78
2208	101
2209	101
2210	177
2211	225
2212	113
2213	113
2214	113
2215	113
2216	203	85	113
2217	135
2218	205
2219	75
2220	135
2221	135
2222	141	135
2223	135
2224	81
2225	47
2226	47
2227	47
2228	101	227
2229	227
2230	225
2231	178	100
2232	203	119
2233	203
2234	135
2235	162
2236	177
2237	225
2238	189	54	156
2239	194
2240	135
2241	234
2242	91
2243	135
2244	31
2245	80
2246	91
2247	225
2248	194	135
2249	225	96
2250	207
2251	31
2252	31
2253	225
2254	194
2255	101
2256	177
2257	254
2258	20
2259	69	236	212
2260	81
2261	81
2262	203
2263	17	91
2264	94
2265	199	17	165	83
2266	242	81	135
2267	162
2268	81
2269	237
2270	203
2271	177
2272	216
2273	213	184	116
2274	20
2275	177	94
2276	217
2277	203
2278	185
2279	163	112	180
2280	20	173
2281	194
2282	20
2283	20
2284	162	3
2285	210
2286	203	85
2287	225
2288	160	187
2289	94
2290	158
2291	254
2292	13
2293	135
2294	240
2295	240	135
2296	46
2297	52
2298	194
2299	177
2300	242
2301	20
2302	203
2303	164
2304	20	173
2305	199
2306	203	119
2307	81
2308	194
2309	203
2310	203
2311	203
2312	40	194
2313	237
2314	135
2315	85
2316	86	20
2317	135	77
2318	135
2319	177
2320	81
2321	216
2322	139
2323	146
2324	177
2325	147
2326	135
2327	81
2328	237
2329	47
2330	212
2331	194
2332	199
2333	194
2334	135
2335	81	135
2336	81
2337	194
2338	23	135
2339	225
2340	194
2341	194
2342	55
2343	245
2344	81
2345	95
2346	163	112	165
2347	165
2348	135
2349	237
2350	17	204
2351	81	135
2352	81
2353	162
2354	81
2355	194
2356	91
2357	75
2358	91
2359	177
2360	35	52
2361	130
2362	81
2363	203
2364	113
2365	113
2366	23
2367	192
2368	11
2369	194	113
2370	225	96
2371	162
2372	193
2373	245
2374	81
2375	203
2376	203
2377	245
2378	177
2379	90
2380	120
2381	177
2382	194
2383	194
2384	177	101
2385	194
2386	194
2387	158
2388	240
2389	177	101	155	61
2390	194
2391	100
2392	158
2393	135
2394	86
2395	113
2396	113
2397	194
2398	237
2399	245
2400	52
2401	203
2402	147	3
2403	86
2404	146	135
2405	178
2406	31
2407	135
2408	56
2409	203
2410	216
2411	229
2412	242	135
2413	203
2414	226
2415	121	112
2416	20	193
2417	203	119
2418	91
2419	240
2420	81	135
2421	170
2422	23
2423	158	180
2424	135
2425	165
2426	35	61
2427	74
2428	165	162
2429	14
2430	91
2431	225
2432	74
2433	12	58
2434	194	135
2435	177
2436	12	58
2437	95
2438	69
2439	194
2440	240
2441	240
2442	203
2443	212
2444	82
2445	245
2446	26
2447	158
2448	26
2449	194
2450	194
2451	212
2452	196
2453	135
2454	194
2455	194
2456	129
2457	133	165
2458	128
2459	86
2460	170
2461	81
2462	158
2463	245
2464	85	194
2465	238
2466	69	226
2467	85	194
2468	194	135
2469	81
2470	30
2471	237
2472	194
2473	20
2474	158
2475	194	113
2476	179	88	118
2477	88
2478	74
2479	194	113
2480	178
2481	198
2482	56
2483	86
2484	245
2485	165
2486	198
2487	194
2488	180
2489	20
2490	145	172
2491	152	54	4
2492	18	4	54	152
2493	211
2494	81
2495	203
2496	203	194
2497	151
2498	162
2499	194
2500	55
2501	225
2502	194
2503	47
2504	3	147
2505	85	203	194
2506	135
2507	194
2508	194
2509	245
2510	245
2511	194
2512	81	135
2513	177	46
2514	86
2515	240
2516	207
2517	158
2518	207
2519	43
2520	158
2521	194
2522	193
2523	86	98
2524	158
2525	65
2526	94
2527	45
2528	240	86
2529	81
2530	245
2531	177	46
2532	240
2533	245
2534	81
2535	177
2536	237	17	91
2537	177
2538	5
2539	245
2540	194
2541	142
2542	203
2543	61
2544	189	54	156
2545	212
2546	147	238
2547	194	135
2548	199
2549	69	212
2550	252
2551	216
2552	162
2553	237
2554	177	118
2555	177
2556	59
2557	177
2558	147
2559	253
2560	86
2561	240
2562	203
2563	194
2564	47
2565	81	240	230
2566	203
2567	86
2568	23
2569	31
2570	178	119	31	85
2571	91
2572	149
2573	75
2574	85
2575	203
2576	85
2577	49	243	107
2578	81
2579	194
2580	75
2581	165
2582	194
2583	217
2584	46
2585	240
2586	194
2587	194	135
2588	129
2589	162
2590	177	101
2591	177
2592	177
2593	177
2594	245
2595	86
2596	194
2597	194
2598	52
2599	203	119
2600	194	85	81
2601	240
2602	240
2603	194
2604	3
2605	135
2606	158
2607	135
2608	112
2609	69	212
2610	81
2611	135
2612	194
2613	52	155
2614	162
2615	52
2616	14
2617	81
2618	177
2619	203
2620	194
2621	194	113
2622	247
2623	20
2624	20
2625	169
2626	11
2627	11
2628	131
2629	194
2630	177
2631	194
2632	177
2633	177
2634	177
2635	225
2636	225
2637	110
2638	69
2639	135
2640	158
2641	164
2642	203	119
2643	23
2644	212
2645	194
2646	86
2647	86
2648	245
2649	194
2650	86
2651	158
2652	225
2653	194
2654	240
2655	240	81
2656	240
2657	192
2658	47
2659	101
2660	213	54	156
2661	203
2662	86
2663	194	240
2664	20
2665	225	96
2666	225
2667	194
2668	194
2669	91
2670	46
2671	101
2672	101	101
2673	238
2674	51
2675	35
2676	225
2677	75
2678	240
2679	20	193
2680	107
2681	189	184	19	107
2682	242
2683	80
2684	20
2685	194
2686	19	176	189	107
2687	47
2688	225
2689	28
2690	135
2691	203	85
2692	161
2693	203
2694	113
2695	203	194
2696	194
2697	113
2698	203	119
2699	194
2700	101	177	46
2701	225
2702	20	173
2703	78
2704	91
2705	20	173
2706	238
2707	216
2708	93	135	81
2709	139	135
2710	203
2711	41	77
2712	61
2713	155	61	173
2714	139
2715	242
2716	52
2717	112
2718	78
2719	35
2720	46
2721	178
2722	46
2723	242	81	135
2724	225
2725	213	54	156
2726	194
2727	225
2728	100
2729	182
2730	182
2731	182	178
2732	194
2733	187
2734	105	146	93	81	117	135	83
2735	177	43
2736	176	116	213
2737	213	184	116	107
2738	194
2739	187
2740	135
2741	162
2742	161	78
2743	182	178
2744	142
2745	182
2746	64	3
2747	135
2748	199
2749	225
2750	85
2751	182
2752	194
2753	113
2754	165	83
2755	61	192
2756	187
2757	52	112
2758	121
2759	177
2760	135
2761	149
2762	23
2763	95
2764	182
2765	147	192
2766	116	107
2767	194
2768	194
2769	187
2770	182
2771	203
2772	189	169	107
2773	187
2774	17
2775	187
2776	187
2777	49
2778	135
2779	194	81
2780	129	34
2781	194	135	146
2782	52
2783	211
2784	85
2785	182
2786	162
2787	194	135
2788	162
2789	56
2790	225
2791	46
2792	91
2793	199
2794	245
2795	91
2796	95
2797	200
2798	65
2799	89	86
2800	81
2801	225	96
2802	225	96
2803	194	77
2804	194
2805	203
2806	91
2807	147
2808	194
2809	194
2810	240
2811	46
2812	91
2813	85
2814	86
2815	203
2816	23
2817	141
2818	91
2819	194
2820	237
2821	113
2822	194
2823	14
2824	20
2825	61	83
2826	135
2827	212
2828	199	17
2829	158
2830	17
2831	86	158	163
2832	225
2833	185
2834	194	135
2835	240
2836	135
2837	185
2838	240
2839	240
2840	240
2841	240
2842	203
2843	194
2844	146
2845	17
2846	225
2847	158	200
2848	194	135
2849	194
2850	199
2851	194
2852	146
2853	187
2854	146	81
2855	146
2856	194	113
2857	35	161	165
2858	24
2859	135
2860	19	176	189	107
2861	176	116	213
2862	85
2863	55
2864	199
2865	81	135
2866	112
2867	213	184	125	116
2868	193
2869	194
2870	85	203
2871	194	85
2872	203	194
2873	113	194
2874	199
2875	95
2876	225
2877	176	116	213
2878	184	116	213
2879	47
2880	164
2881	47
2882	75
2883	17	135
2884	213	184	116
2885	81
2886	47
2887	176	116	213
2888	6
2889	19	176	189
2890	189	184	38	19
2891	192
2892	194
2893	203
2894	135
2895	189	184	57	125	19	107
2896	194
2897	194
2898	189	184	38	19
2899	194	135
2900	189	184	38	19
2901	135
2902	194
2903	147
2904	203
2905	85	194
2906	31
2907	194
2908	52	35	165
2909	199
2910	23	135
2911	164
2912	212
2913	75
2914	88	118
2915	189	233	57	107
2916	81	135
2917	135
2918	81	135
2919	194	29
2920	203
2921	135
2922	240
2923	203	194
2924	141
2925	194
2926	135	242
2927	85
2928	177
2929	177	88
2930	75
2931	135
2932	83
2933	45
2934	194
2935	81
2936	91
2937	81
2938	55	158	196
2939	55
2940	17	91
2941	135
2942	20
2943	194	29
2944	135
2945	203	119
2946	24
2947	194
2948	23
2949	91	193
2950	194	135
2951	160
2952	81
2953	91
2954	225
2955	203	194
2956	81	194
2957	194
2958	91
2959	225
2960	213	54	156
2961	135
2962	101	177
2963	213	54	156
2964	187
2965	101
2966	187
2967	187
2968	91	237
2969	198	5
2970	81
2971	85	194	113
2972	113
2973	85	113
2974	113
2975	113
2976	112
2977	146	135
2978	194
2979	83
2980	203
2981	91
2982	72
2983	129
2984	43
2985	245
2986	198	5
2987	113
2988	112	142
2989	135
2990	91
2991	135
2992	142
2993	100	158
2994	194
2995	194	135
2996	81
2997	242
2998	153
2999	194
3000	252
3001	135
3002	135
3003	20
3004	113
3005	199
3006	193
3007	51	161
3008	81
3009	194
3010	85
3011	4	176	152
3012	194
3013	43
3014	101
3015	219
3016	65
3017	198
3018	65	199
3019	236	65
3020	177
3021	17
3022	203
3023	13
3024	203
3025	225	96
3026	23
3027	117
3028	203
3029	49
3030	254
3031	254
3032	91	237
3033	194	135
3034	194
3035	225
3036	20
3037	225
3038	20
3039	222
3040	177
3041	135
3042	146	81	194	168
3043	17
3044	86
3045	177
3046	194
3047	146
3048	225
3049	203
3050	237
3051	141
3052	194
3053	101
3054	126	200
3055	146
3056	69
3057	194
3058	194
3059	194
3060	81
3061	245
3062	135
3063	47
3064	199
3065	47
3066	219
3067	72
3068	225
3069	86
3070	100	59
3071	225
3072	158
3073	47
3074	88
3075	180
3076	162	196
3077	91
3078	225
3079	69
3080	91
3081	203
3082	47
3083	135
3084	237
3085	194
3086	81
3087	194	135
3088	194	135
3089	31
3090	199
3091	225
3092	88
3093	88
3094	135
3095	75
3096	135
3097	81
3098	85
3099	189	54	156
3100	91
3101	55
3102	254
3103	237
3104	81	135
3105	88
3106	81	135
3107	78
3108	141	112	200
3109	94
3110	194
3111	194
3112	52
3113	212	162
3114	135
3115	11
3116	220
3117	149
3118	113
3119	194
3120	91
3121	193	20
3122	17
3123	81
3124	162	199
3125	81	135
3126	95
3127	20
3128	49
3129	81
3130	49
3131	135
3132	203	119
3133	3
3134	162	17
3135	81
3136	3
3137	81	135
3138	203
3139	81
3140	135
3141	69	171
3142	194
3143	225
3144	135
3145	203
3146	237
3147	199
3148	81
3149	81
3150	69
3151	225
3152	237	91
3153	145
3154	158
3155	203	119
3156	81	135
3157	158
3158	154	91
3159	212	69
3160	100
3161	225
3162	56
3163	135
3164	141
3165	237
3166	203	85	194
3167	168
3168	225
3169	203
3170	203
3171	194
3172	194
3173	135
3174	142
3175	135
3176	104
3177	203
3178	203
3179	194
3180	203
3181	135
3182	135
3183	203
3184	135
3185	199
3186	194
3187	198
3188	135
3189	100
3190	194
3191	158	140
3192	20	165
3193	81	135
3194	139	135
3195	75
3196	199
3197	225
3198	199
3199	194
3200	158
3201	91
3202	20
3203	225
3204	112	3
3205	203	85
3206	94
3207	58
3208	194
3209	113
3210	203
3211	91
3212	135
3213	47
3214	194
3215	158
3216	194
3217	47
3218	72
3219	135
3220	81
3221	193
3222	240
3223	72
3224	194
3225	91
3226	199	17	94	158	200
3227	179
3228	225
3229	100
3230	23
3231	152
3232	86
3233	194
3234	69
3235	91
3236	165	61
3237	196
3238	56
3239	135
3240	46
3241	46
3242	3
3243	56
3244	91
3245	20	193	205
3246	207
3247	164
3248	135
3249	11
3250	113
3251	69
3252	225
3253	46
3254	46
3255	46
3256	253
3257	81
3258	165
3259	240
3260	193
3261	86
3262	225
3263	135
3264	194
3265	133	210
3266	194
3267	17
3268	91
3269	135
3270	237	91
3271	52
3272	194
3273	55	216
3274	194
3275	194	113
3276	194
3277	200
3278	153
3279	46
3280	69	171
3281	203
3282	135
3283	212
3284	203
3285	177
3286	85
3287	203
3288	135
3289	242	81	135	113
3290	81
3291	81
3292	203
3293	203
3294	154
3295	135
3296	52	3
3297	72
3298	237
3299	136
3300	75	158
3301	3
3302	3
3303	49
3304	194
3305	177
3306	164
3307	118
3308	194
3309	194
3310	95
3311	75
3312	135
3313	135
3314	20
3315	189	54	156
3316	164
3317	91
3318	194
3319	203	194
3320	203
3321	203
3322	203	119
3323	203	119
3324	135
3325	203
3326	203	194
3327	165	83
3328	245
3329	91
3330	140
3331	194
3332	194
3333	11
3334	46
3335	225
3336	64
3337	242
3338	225
3339	161
3340	194	135
3341	164
3342	17
3343	141
3344	203
3345	93	161
3346	199
3347	81
3348	203	119
3349	203	119
3350	81
3351	194
3352	194
3353	91
3354	245
3355	35
3356	161
3357	203
3358	225
3359	81
3360	139	135	222
3361	219
3362	81	135
3363	94
3364	210	133
3365	194	135
3366	225	96
3367	212
3368	95
3369	194
3370	135
3371	81
3372	194
3373	225
3374	162
3375	226	69
3376	212
3377	113	194
3378	255	133	210
3379	109
3380	35
3381	135
3382	219
3383	17	52
3384	135
3385	225	96
3386	162
3387	129
3388	23
3389	212	69
3390	203
3391	194
3392	225
3393	15
3394	177
3395	242	135
3396	139	135
3397	91	94	200
3398	20
3399	88
3400	81	135
3401	225
3402	146	168	81
3403	75
3404	17
3405	135
3406	61	192
3407	129
3408	135
3409	242
3410	203
3411	136
3412	189	54	156
3413	135
3414	141
3415	135
3416	233
3417	152
3418	152
3419	152
3420	243
3421	81	135
3422	91
3423	165	83
3424	135
3425	199
3426	178
3427	140	52
3428	17
3429	81
3430	225
3431	49
3432	146
3433	135
3434	165
3435	203
3436	194
3437	158
3438	52
3439	23
3440	203
3441	17
3442	81
3443	81
3444	81
3445	121
3446	194
3447	135
3448	49
3449	207
3450	81
3451	113
3452	135
3453	83
3454	236
3455	240
3456	135	77
3457	99	212
3458	164
3459	220	199
3460	11
3461	203
3462	162
3463	64	3
3464	198
3465	135
3466	152
3467	81	135
3468	212
3469	194
3470	101
3471	146	194
3472	193	245
3473	49
3474	247	52	112
3475	11
3476	135	81	117	242
3477	85
3478	141
3479	203
3480	203	119
3481	203	119
3482	203
3483	146
3484	203	119
3485	91	17
3486	47
3487	198
3488	203
3489	135
3490	203
3491	135
3492	198
3493	26
3494	69
3495	194
3496	94
3497	46
3498	225
3499	203	194
3500	135
3501	26
3502	26
3503	199
3504	51
3505	194
3506	135
3507	17
3508	65
3509	91
3510	177	55
3511	81
3512	194
3513	156
3514	212	69
3515	225
3516	194
3517	165	212
3518	225
3519	237
3520	81	135
3521	11
3522	11
3523	135	81
3524	91
3525	24
3526	203
3527	135
3528	146
3529	225
3530	199
3531	117	194	135
3532	49
3533	142
3534	142
3535	95
3536	135
3537	237	91
3538	242	81	135
3539	123
3540	212
3541	203
3542	52
3543	17
3544	96	225
3545	17
3546	47
3547	95
3548	240
3549	141
3550	212
3551	135
3552	135	81
3553	17
3554	95
3555	199
3556	135
3557	158
3558	113
3559	225
3560	203
3561	158
3562	49
3563	49
3564	49
3565	15
3566	203	85
3567	243
3568	243
3569	243
3570	152
3571	152
3572	152
3573	243
3574	17
3575	162	52
3576	135
3577	226	69
3578	225
3579	94
3580	91
3581	194
3582	194
3583	113
3584	142
3585	135
3586	135
3587	135
3588	51
3589	28
3590	65	6
3591	225
3592	81	93
3593	86
3594	135
3595	194	135	81
3596	20
3597	199
3598	196
3599	225
3600	146
3601	85	194
3602	81
3603	135	81	117
3604	165
3605	199
3606	203	119
3607	203	119
3608	203
3609	203	119
3610	15
3611	203	119
3612	203	119
3613	203
3614	163	112
3615	135
3616	11
3617	225
3618	135	81
3619	147
3620	203
3621	194
3622	69	171	212
3623	55
3624	91
3625	91	162	217
3626	162
3627	219
3628	219
3629	75
3630	225
3631	139
3632	143
3633	91
3634	166	161
3635	153
3636	158
3637	3
3638	17
3639	135
3640	78
3641	199
3642	212
3643	203
3644	91
3645	225
3646	135
3647	200
3648	158
3649	85
3650	91
3651	227
3652	162	212
3653	86	158
3654	86
3655	158
3656	166
3657	81
3658	189	54	156
3659	217
3660	45
3661	141
3662	219
3663	225
3664	86	158
3665	194
3666	94
3667	242	135
3668	135
3669	165
3670	194
3671	194	3
3672	203
3673	135
3674	95
3675	185
3676	194
3677	3
3678	81
3679	225
3680	135
3681	20
3682	204
3683	11
3684	11
3685	192
3686	203
3687	135
3688	100
3689	81	135
3690	199
3691	69	212	171
3692	81
3693	178
3694	94
3695	81	135
3696	94
3697	225
3698	86
3699	194
3700	194
3701	194
3702	194
3703	52
3704	203	119
3705	135
3706	91
3707	68	88
3708	4
3709	203	119
3710	54
3711	54	156
3712	203
3713	194
3714	135
3715	91
3716	95	143
3717	236
3718	17
3719	81	135
3720	203	194
3721	3
3722	194
3723	194
3724	194
3725	91
3726	203
3727	203
3728	75
3729	69
3730	203	194
3731	203
3732	189	54	156
3733	193	98
3734	11
3735	203
3736	20	75
3737	208
3738	208
3739	208
3740	135
3741	95
3742	94
3743	194
3744	146
3745	81
3746	203	194
3747	61
3748	242	135
3749	52	20
3750	177
3751	11
3752	91
3753	146
3754	113
3755	11
3756	83
3757	95
3758	211
3759	45
3760	81
3761	135
3762	207
3763	80
3764	153
3765	162	91
3766	178
3767	203
3768	236	212
3769	158
3770	20
3771	93
3772	81	135
3773	203
3774	149
3775	81	194
3776	161
3777	194
3778	91
3779	212
3780	135
3781	236
3782	165
3783	203
3784	81	135
3785	81	135
3786	81
3787	81	135
3788	194
3789	225
3790	203	194
3791	194
3792	81
3793	242	81	135
3794	141
3795	81	135
3796	158
3797	194
3798	49	4	233	33
3799	135
3800	177
3801	75
3802	135
3803	11
3804	5	198
3805	91	139	135
3806	100
3807	91	94
3808	135
3809	113
3810	162
3811	135
3812	20
3813	203
3814	194
3815	81	135
3816	194
3817	135
3818	194
3819	91
3820	81
3821	95
3822	162
3823	194
3824	75
3825	135
3826	158
3827	198
3828	135
3829	212	171
3830	135
3831	236	112
3832	121	112	52
3833	237
3834	194
3835	203
3836	91
3837	135
3838	11
3839	47
3840	242
3841	146
3842	162
3843	177	46
3844	141
3845	194
3846	81	135
3847	135
3848	194
3849	165
3850	81
3851	155
3852	200
3853	153
3854	199
3855	23
3856	135
3857	47
3858	194
3859	81
3860	199	162
3861	85
3862	20
3863	91
3864	225
3865	75
3866	225
3867	81
3868	101
3869	29
3870	194	135
3871	135
3872	177
3873	225
3874	81	135
3875	164
3876	225
3877	133	149
3878	173	200	193
3879	194
3880	135
3881	226	212
3882	94	17
3883	194
3884	47
3885	164
3886	203
3887	203
3888	155
3889	212
3890	199	17
3891	229
3892	3
3893	229
3894	194
3895	88
3896	112
3897	95
3898	225
3899	237
3900	194
3901	45
3902	81	135
3903	17
3904	47
3905	225
3906	75
3907	177
3908	135	81
3909	203	119
3910	199
3911	203
3912	203
3913	95
3914	203
3915	91
3916	194
3917	81
3918	81
3919	133	20
3920	110
3921	242
3922	135
3923	52	20
3924	91	199
3925	165	204
3926	142	165	75
3927	225	96
3928	179
3929	55
3930	94
3931	130
3932	91
3933	81
3934	135
3935	135
3936	237
3937	146
3938	81
3939	81
3940	198
3941	135
3942	240
3943	245	193	192
3944	135
3945	208
3946	91
3947	252
3948	135
3949	179
3950	158
3951	203
3952	94
3953	166
3954	135
3955	81	203
3956	203
3957	135
3958	203
3959	164
3960	113
3961	81
3962	225
3963	149
3964	94
3965	164
3966	135
3967	237
3968	177
3969	194
3970	216	101
3971	194
3972	242
3973	203
3974	17
3975	84
3976	165	217	199
3977	237
3978	180
3979	81
3980	198	133
3981	96
3982	52
3983	69	52
3984	91
3985	139
3986	135	242
3987	194
3988	203	119
3989	28
3990	135
3991	203	119
3992	203	119
3993	194
3994	198
3995	177
3996	242	81	135
3997	17	91
3998	82	123
3999	117	81
4000	45
4001	113
4002	203	85	113
4003	225
4004	203
4005	113
4006	81
4007	96	225
4008	81
4009	81
4010	162
4011	91
4012	242	81	117
4013	3
4014	91
4015	81
4016	75
4017	194
4018	85
4019	203	85
4020	244
4021	192
4022	207
4023	165
4024	194	135
4025	212
4026	17
4027	81
4028	199
4029	164
4030	225
4031	162
4032	135
4033	208
4034	242
4035	212
4036	52
4037	26
4038	135
4039	240
4040	152
4041	198	5
4042	141
4043	237
4044	207
4045	65
4046	65
4047	135	77
4048	158
4049	3
4050	3
4051	162
4052	81
4053	158	200
4054	101
4055	146
4056	81
4057	203	194
4058	3
4059	255	132
4060	158
4061	146
4062	225	96
4063	146
4064	39
4065	203	194
4066	194
4067	81	135
4068	141
4069	225
4070	242
4071	135
4072	81
4073	81
4074	91
4075	135
4076	135
4077	135
4078	69
4079	203
4080	242	135
4081	91
4082	65
4083	236	69	212
4084	149
4085	81	135
4086	129
4087	199
4088	135
4089	162
4090	135
4091	75	20
4092	81	117	135
4093	212
4094	151
4095	194
4096	17	91
4097	158
4098	237
4099	194	135
4100	194
4101	91
4102	81	135
4103	225
4104	140
4105	135
4106	250	217
4107	80
4108	177
4109	225
4110	135
4111	200
4112	135
4113	212
4114	135
4115	112	20
4116	178
4117	102
4118	94
4119	91
4120	194
4121	225
4122	121
4123	11
4124	135
4125	17
4126	135
4127	85
4128	180
4129	145
4130	166	191
4131	135
4132	135
4133	101
4134	225
4135	196
4136	95
4137	11
4138	95
4139	225	96
4140	81
4141	91
4142	194	135
4143	203	119
4144	194
4145	135
4146	81
4147	199
4148	135
4149	254
4150	135
4151	78	161
4152	78	161
4153	135
4154	225
4155	135
4156	225
4157	69	236	212
4158	225
4159	227
4160	75
4161	91	17	199
4162	242	135
4163	166
4164	52
4165	75
4166	95
4167	78	161
4168	58	205
4169	194
4170	12
4171	194	135
4172	135
4173	43
4174	242
4175	81
4176	81
4177	225
4178	135	139
4179	11
4180	203	194
4181	199
4182	83
4183	225
4184	194
4185	17
4186	11
4187	96	225
4188	135
4189	3
4190	135
4191	198
4192	199	212
4193	162
4194	166
4195	160
4196	160
4197	187
4198	135
4199	242	135
4200	164
4201	47
4202	198	45
4203	81
4204	94	237
4205	203
4206	9
4207	203
4208	203
4209	47
4210	81	135
4211	192
4212	135
4213	75
4214	203
4215	236	171
4216	242
4217	91
4218	91	17
4219	17
4220	203
4221	162	199
4222	69	171	212
4223	162
4224	237	199
4225	165
4226	177
4227	55	238
4228	237
4229	75
4230	81
4231	11
4232	177
4233	216
4234	135
4235	225
4236	135
4237	219
4238	93
4239	177
4240	237
4241	199	3
4242	91
4243	194	135
4244	81
4245	91
4246	203
4247	75
4248	135	242
4249	194	135
4250	14
4251	165
4252	129
4253	194
4254	91
4255	254
4256	81
4257	62
4258	199
4259	225
4260	199	17
4261	212
4262	240
4263	158
4264	100
4265	81
4266	81
4267	240
4268	177
4269	189	54	156
4270	49
4271	203
4272	194
4273	225
4274	212
4275	242
4276	135
4277	135
4278	196	165
4279	240
4280	81
4281	194
4282	52
4283	135
4284	234
4285	62
4286	135
4287	135	81
4288	135
4289	135
4290	135
4291	113
4292	158	86	163
4293	225
4294	219
4295	81
4296	203	119
4297	83
4298	81
4299	135
4300	166	37	165	161
4301	69
4302	62
4303	236
4304	216	14
4305	194
4306	135	81
4307	84
4308	165
4309	160
4310	17
4311	65	6
4312	194	77
4313	65
4314	65
4315	52
4316	135
4317	55
4318	178
4319	52
4320	11
4321	81
4322	11
4323	194
4324	69	226	212
4325	135
4326	180
4327	135
4328	62
4329	199
4330	135
4331	81
4332	81	135
4333	242
4334	225	96
4335	54	18	4
4336	94
4337	94
4338	101
4339	34
4340	80
4341	11
4342	47
4343	93	81	135
4344	4	54	152
4345	182	234
4346	152
4347	91
4348	192
4349	85
4350	141
4351	225
4352	141
4353	91
4354	203
4355	85
4356	131
4357	81	135	242
4358	225	96
4359	135
4360	178	234	182
4361	55
4362	20
4363	135
4364	17
4365	75
4366	135
4367	81
4368	226
4369	194
4370	129
4371	17
4372	164
4373	234	182
4374	187
4375	135
4376	165
4377	17
4378	177
4379	81
4380	81	93
4381	198
4382	194	135
4383	225
4384	225
4385	135
4386	135
4387	91
4388	69
4389	11
4390	219
4391	135
4392	212
4393	20	199
4394	139
4395	199
4396	47
4397	252
4398	135
4399	236
4400	194	113
4401	91
4402	229
4403	229
4404	99
4405	91
4406	75
4407	198	5
4408	95
4409	166
4410	166
4411	146	168	81
4412	165	161
4413	52
4414	158
4415	203
4416	166
4417	135	139
4418	135
4419	203
4420	135
4421	193
4422	154
4423	7
4424	165
4425	7
4426	135
4427	225
4428	91
4429	75
4430	11
4431	135
4432	94
4433	236
4434	203	119
4435	52
4436	242	135
4437	91
4438	7
4439	23
4440	135
4441	95
4442	75
4443	161
4444	252
4445	236
4446	180	165
4447	81
4448	11
4449	161
4450	7
4451	252
4452	178
4453	81
4454	203
4455	52
4456	252
4457	39
4458	165	83
4459	117
4460	199
4461	179
4462	254
4463	225
4464	146
4465	162
4466	75
4467	81
4468	11
4469	180
4470	81
4471	17
4472	135
4473	135
4474	199	135
4475	151
4476	225
4477	133
4478	212
4479	193	20
4480	81
4481	91
4482	194
4483	194
4484	11
4485	81	117
4486	158
4487	52	20
4488	81
4489	123
4490	81
4491	177
4492	91
4493	153
4494	110
4495	135
4496	219
4497	225
4498	212
4499	17
4500	225
4501	45
4502	81
4503	91
4504	94
4505	146
4506	81
4507	45
4508	135
4509	194
4510	135
4511	81
4512	203	119
4513	237	91
4514	135
4515	225
4516	75
4517	118
4518	81	117	93
4519	98
4520	157
4521	203
4522	81
4523	168
4524	11
4525	203
4526	165	83
4527	20
4528	135
4529	91
4530	81
4531	91	17
4532	46
4533	225
4534	193	245
4535	149
4536	9
4537	242
4538	83	142
4539	91	162
4540	17
4541	199	147
4542	165
4543	135
4544	135
4545	104
4546	253	178
4547	160
4548	160
4549	47
4550	160
4551	9
4552	187
4553	165
4554	135
4555	81
4556	164
4557	139
4558	166
4559	194	135
4560	199
4561	23
4562	199
4563	135
4564	75
4565	177
4566	91
4567	82	123	162	3
4568	135
4569	135
4570	160
4571	216	101
4572	165
4573	91
4574	135
4575	194
4576	210	133
4577	210	133
4578	17	165
4579	203
4580	91
4581	212
4582	212
4583	81
4584	158
4585	165
4586	17
4587	153
4588	160
4589	11
4590	203	85	194
4591	165
4592	3
4593	203
4594	203
4595	203
4596	198	5
4597	135	242
4598	242
4599	160
4600	11
4601	199
4602	237
4603	47
4604	135
4605	252
4606	199	3
4607	194
4608	225
4609	69	103
4610	194
4611	81
4612	162
4613	11
4614	93	81
4615	194
4616	196
4617	230	194	29	113
4618	91
4619	17
4620	61
4621	45
4622	199
4623	91	252	199
4624	194
4625	200
4626	158
4627	81
4628	91
4629	165	161
4630	165	81
4631	194
4632	81
4633	254
4634	135
4635	164
4636	81
4637	203
4638	165
4639	135
4640	103
4641	237
4642	179
4643	126
4644	162
4645	81	248
4646	81
4647	52
4648	17
4649	158
4650	121
4651	17
4652	194
4653	135
4654	212
4655	11
4656	245
4657	135
4658	81
4659	45
4660	203
4661	11
4662	135
4663	93
4664	154
4665	242	135
4666	135	254
4667	177
4668	135	242
4669	81	135
4670	165
4671	75
4672	211	113
4673	58
4674	83
4675	158
4676	242	135
4677	182
4678	91
4679	139
4680	17	193	91	200
4681	17	193	91	200
4682	81	135
4683	81
4684	62
4685	146
4686	210
4687	81
4688	193	245
4689	161
4690	194
4691	135
4692	177
4693	194	135
4694	242
4695	81
4696	194
4697	92	133	142
4698	49	55
4699	3
4700	200
4701	199
4702	3
4703	198
4704	162
4705	142
4706	85
4707	165
4708	5
4709	162
4710	91
4711	194	135
4712	174	92	142
4713	225
4714	174
4715	47
4716	61
4717	219
4718	135
4719	145
4720	34
4721	200
4722	146
4723	165	95
4724	165
4725	91
4726	81
4727	75
4728	165
4729	194
4730	5	198
4731	102
4732	135
4733	81
4734	135
4735	104
4736	196
4737	200
4738	81
4739	30
4740	135
4741	199
4742	229
4743	229
4744	93
4745	164
4746	91	162
4747	3
4748	113
4749	81	146	168	135
4750	99
4751	203
4752	165
4753	194
4754	254
4755	217
4756	135
4757	146
4758	81
4759	165
4760	81
4761	81
4762	78
4763	212
4764	81
4765	113
4766	212	236
4767	158
4768	5
4769	212
4770	11
4771	192
4772	198
4773	96	225
4774	17
4775	101
4776	199
4777	135	254
4778	135	254
4779	83	165
4780	139
4781	213	4	184	152	107
4782	203
4783	203
4784	203	119
4785	203
4786	194
4787	212
4788	120
4789	135	194
4790	81
4791	75
4792	129
4793	146
4794	203
4795	78
4796	13
4797	161
4798	203	119
4799	133
4800	47
4801	75
4802	100
4803	75
4804	199
4805	199
4806	203	119
4807	158
4808	203	119
4809	242
4810	135
4811	165
4812	225
4813	81	135
4814	81	135	194
4815	81	135	194
4816	11
4817	194
4818	91
4819	237	94
4820	158
4821	91
4822	135
4823	194
4824	194
4825	194
4826	194
4827	59
4828	203	119
4829	203	119
4830	200
4831	165	212	83
4832	81
4833	162
4834	135
4835	203
4836	162
4837	203
4838	81
4839	199
4840	165
4841	135
4842	75	86
4843	81
4844	135
4845	135
4846	91
4847	17
4848	212
4849	199	91
4850	182	100
4851	225
4852	153
4853	135
4854	81	135
4855	17
4856	203
4857	81
4858	93
4859	194
4860	3
4861	81	135
4862	165
4863	199
4864	158
4865	81	135
4866	81	135
4867	162	3
4868	242	135
4869	81
4870	104
4871	47
4872	83
4873	146
4874	91
4875	145	172
4876	199
4877	165	35	61
4878	194
4879	81	248
4880	11
4881	146
4882	81
4883	11
4884	199
4885	81
4886	146
4887	78
4888	225
4889	135
4890	94
4891	225
4892	162
4893	225
4894	135
4895	81
4896	81	93
4897	81	135
4898	242	81	135
4899	81	248	251
4900	55
4901	166	191
4902	166	191
4903	4
4904	81	248
4905	191
4906	141
4907	242
4908	203
4909	158
4910	17
4911	95
4912	94
4913	91
4914	165	191
4915	81
4916	198
4917	199
4918	162
4919	91
4920	242
4921	81	248
4922	65	226
4923	43
4924	242	81	135
4925	135
4926	165
4927	165
4928	3
4929	161
4930	129
4931	3
4932	81
4933	199
4934	81
4935	162
4936	205	20
4937	81	117
4938	101	56
4939	165
4940	162
4941	81
4942	165
4943	81
4944	194
4945	81
4946	86
4947	199
4948	81	248
4949	225
4950	225
4951	81
4952	225
4953	33	233	213	4
4954	237	94
4955	47
4956	20	205
4957	146
4958	199
4959	91
4960	77
4961	81
4962	198	5
4963	162	91
4964	11
4965	225
4966	203	119
4967	199	91
4968	91	17
4969	146
4970	248	81
4971	198	5
4972	177
4973	17
4974	254
4975	225
4976	81
4977	242	81	135
4978	165
4979	81	248
4980	207
4981	252
4982	194
4983	5
4984	165
4985	81	248
4986	135
4987	81
4988	17
4989	194
4990	248	81
4991	162
4992	194
4993	91	200
4994	81
4995	81
4996	81
4997	81
4998	81	248
4999	81	135
5000	81
5001	252
5002	225
5003	81
5004	237
5005	51	218
5006	212
5007	100
5008	199
5009	142
5010	203
5011	242	135
5012	81
5013	81
5014	135
5015	113
5016	165
5017	177
5018	17
5019	11
5020	165
5021	162
5022	91
5023	45
5024	81
5025	23	135
5026	91
5027	199	135
5028	146
5029	135
5030	139	146
5031	135
5032	237
5033	135
5034	229
5035	72
5036	225
5037	81
5038	199	162	212
5039	17
5040	3
5041	162
5042	162	3
5043	199	165	5
5044	135	242
5045	203
5046	203
5047	165
5048	199
5049	146
5050	245
5051	242	81
5052	91	162
5053	141
5054	165
5055	81
5056	81
5057	142
5058	141
5059	100
5060	165	83
5061	162
5062	146
5063	81
5064	146	242	135
5065	135
5066	3
5067	81
5068	138	199
5069	11
5070	7
5071	199
5072	81
5073	165
5074	91
5075	242	135
5076	146
5077	81
5078	81
5079	81
5080	212	69
5081	252
5082	225
5083	17
5084	91
5085	81	248
5086	81	93
5087	138	199
5088	84
5089	165
5090	95
5091	91
5092	81
5093	212
5094	135
5095	237	17	91
5096	81
5097	84	161
5098	84
5099	84
5100	84
5101	84
5102	84
5103	84
5104	84
5105	84
5106	84
5107	84
5108	84
5109	84
5110	84
5111	84
5112	135
5113	81	248
5114	75
5115	135
5116	11
5117	81
5118	104
5119	135
5120	81	135
5121	248
5122	81	194
5123	139
5124	81
5125	81
5126	81
5127	81	248
5128	83
5129	3
5130	47
5131	146
5132	198
5133	146
5134	212
5135	199	135
5136	182
5137	237
5138	158
5139	163	112
5140	105	135
5141	212
5142	252
5143	17
5144	93	81
5145	240
5146	81
5147	81
5148	135
5149	199
5150	198
5151	198
5152	180
5153	135	81
5154	3	52
5155	162
5156	212	162	199
5157	81	135
5158	11
5159	17
5160	14
5161	18
5162	199	91
5163	146
5164	198
5165	81	248
5166	81
5167	237
5168	199
5169	11
5170	49	28
5171	81
5172	203	85	194
5173	135
5174	165
5175	81	117
5176	81	135
5177	6
5178	135
5179	11
5180	174	133	162
5181	81
5182	162
5183	199
5184	135
5185	237
5186	81	135
5187	135
5188	135
5189	81	117	135
5190	165
5191	81
5192	81
5193	194
5194	35
5195	192
5196	212
5197	166
5198	69
5199	194
5200	194	81
5201	242	81
5202	248	81
5203	81
5204	81	135
5205	81	117
5206	194
5207	146
5208	81
5209	194
5210	166	78
5211	194
5212	160
5213	11
5214	165
5215	203
5216	104
5217	225
5218	81	135
5219	81	117
5220	106
5221	199
5222	245
5223	104
5224	104
5225	181
5226	81
5227	225
5228	158
5229	158	52
5230	81	117
5231	62
5232	210	133
5233	248	81
5234	194
5235	242	135
5236	242	81	135
5237	225
5238	69	212	171
5239	75
5240	104	7
5241	17
5242	242	81
5243	75
5244	102
5245	102
5246	102
5247	165
5248	113
5249	165	191
5250	81	165
5251	102
5252	102
5253	81	135
5254	166
5255	81	248	251
5256	199
5257	174
5258	199
5259	91
5260	135
5261	104
5262	135
5263	203
5264	194	135
5265	194
5266	81	248
5267	245	193
5268	52
5269	11
5270	158
5271	11
5272	135
5273	194
5274	234	182
5275	226	199
5276	146
5277	94
5278	129
5279	104
5280	203
5281	194
5282	194
5283	203
5284	199	162
5285	162
5286	81
5287	11
5288	199	17	91
5289	23
5290	203
5291	165
5292	225
5293	199	61
5294	194
5295	158
5296	166
5297	11
5298	11
5299	162	212
5300	199
5301	81	135
5302	203
5303	102
5304	102
5305	229
5306	104
5307	11
5308	165
5309	225
5310	200
5311	165
5312	165
5313	91
5314	165
5315	165
5316	165
5317	165
5318	165
5319	165
5320	45
5321	81	248
5322	203
5323	199
5324	203	119
5325	81
5326	194
5327	83
5328	207
5329	165	83
5330	207
5331	81	194	135
5332	162
5333	85
5334	237
5335	104
5336	102
5337	146	242	135
5338	194
5339	242
5340	102
5341	170
5342	165
5343	199
5344	158
5345	240
5346	194
5347	135
5348	198
5349	165
5350	81
5351	146
5352	225
5353	135
5354	84
5355	135
5356	81	117
5357	17	199
5358	194
5359	52	247
5360	194
5361	194
5362	81
5363	81
5364	194
5365	248	81
5366	225
5367	242	135
5368	194
5369	162
5370	162
5371	141
5372	113
5373	135
5374	203	194
5375	203	158
5376	225
5377	225
5378	81
5379	94
5380	135
5381	207
5382	207
5383	207
5384	207
5385	207
5386	207
5387	207
5388	207
5389	242	135
5390	81
5391	240
5392	81
5393	81	117
5394	81
5395	81
5396	161
5397	81	248
5398	203
5399	199
5400	245
5401	162
5402	199
5403	81	248
5404	86
5405	81	248
5406	135
5407	81
5408	81
5409	80
5410	203
5411	162
5412	199
5413	135
5414	225
5415	91
5416	225
5417	17
5418	135
5419	11
5420	174
5421	225
5422	199	162
5423	5
5424	81
5425	81
5426	47
5427	242	135
5428	91
5429	203
5430	203	194
5431	85
5432	203
5433	203
5434	203	85
5435	203
5436	203
5437	81
5438	196	165
5439	194
5440	11
5441	225
5442	81	135
5443	81
5444	165	191
5445	81	135
5446	248
5447	162
5448	85	194
5449	85
5450	203
5451	158
5452	199	142
5453	194
5454	165	191
5455	135
5456	80
5457	226	162
5458	135
5459	90
5460	165
5461	212
5462	110
5463	81	248
5464	91	94
5465	102
5466	81
5467	203
5468	140
5469	165
5470	81	135	242
5471	162
5472	85
5473	52
5474	162
5475	7
5476	203
5477	194
5478	81	248
5479	133
5480	146	194
5481	81	248
5482	194
5483	111
5484	194
5485	199
5486	75
5487	102
5488	81
5489	255
5490	165
5491	225
5492	204
5493	81
5494	142
5495	240
5496	203	194
5497	194
5498	194
5499	47
5500	91
5501	199
5502	81
5503	194	135
5504	194
5505	199
5506	81
5507	102
5508	102
5509	141
5510	93	81
5511	165
5512	102
5513	102
5514	81
5515	162
5516	199
5517	162
5518	146
5519	52
5520	81
5521	84
5522	91
5523	102
5524	102
5525	102
5526	102
5527	158
5528	131
5529	199
5530	81	135
5531	102
5532	23
5533	23
5534	146
5535	225	96
5536	174
5537	194
5538	194
5539	7
5540	194
5541	135
5542	203	242	81
5543	165
5544	158
5545	81	93
5546	165
5547	7
5548	104
5549	104
5550	81
5551	146
5552	162
5553	104
5554	7
5555	240
5556	212
5557	199
5558	7
5559	199
5560	81
5561	135
5562	146	81
5563	207
5564	242
5565	135
5566	135
5567	162
5568	141
5569	81	248
5570	165
5571	81	248
5572	254
5573	194
5574	47
5575	135
5576	242	135
5577	23
5578	81
5579	242	135
5580	217
5581	135
5582	52
5583	242	135
5584	135
5585	165
5586	162
5587	81	248
5588	81	248
5589	91	17
5590	91
5591	94	91	199
5592	104
5593	165
5594	165
5595	81	248
5596	3
5597	253
5598	86
5599	140
5600	165
5601	194	135
5602	199
5603	47
5604	210	198
5605	163	112
5606	199
5607	135
5608	75
5609	217	138	199
5610	81
5611	130
5612	130
5613	91
5614	196
5615	146
5616	248	81
5617	130
5618	153
5619	225
5620	91
5621	102
5622	135
5623	225
5624	158
5625	165
5626	191
5627	5
5628	210
5629	94
5630	200
5631	135	81	146	242
5632	81
5633	135
5634	165
5635	81	248
5636	165
5637	81	135
5638	225
5639	135
5640	17
5641	242	81
5642	135	242
5643	165
5644	102
5645	81
5646	165	191
5647	81
5648	167
5649	135
5650	210	133
5651	165
5652	81
5653	37
5654	81	248
5655	165
5656	212
5657	194
5658	91	154
5659	165
5660	248
5661	248	81
5662	194
5663	35	165
5664	194
5665	165
5666	11
5667	102
5668	135
5669	81
5670	162
5671	135
5672	81
5673	61
5674	81
5675	217
5676	81	117
5677	225
5678	81
5679	81	248
5680	81
5681	93	81
5682	165
5683	81
5684	28
5685	81
5686	91
5687	91	199
5688	83
5689	135
5690	81	117
5691	171
5692	236
5693	81
5694	81	117	135
5695	141
5696	81
5697	81	248
5698	242	135
5699	81
5700	174	5
5701	212
5702	11
5703	146
5704	81
5705	162
5706	91
5707	81	93
5708	135
5709	135
5710	165
5711	81
5712	52
5713	198
5714	102
5715	17
5716	81
5717	165
5718	199
5719	104
5720	81	135
5721	203	194
5722	165
5723	52
5724	11
5725	146
5726	135
5727	252
5728	166
5729	91
5730	194
5731	81
5732	225
5733	162
5734	91
5735	178
5736	94
5737	165
5738	225
5739	135
5740	75
5741	117	81
5742	199
5743	135
5744	135	81
5745	146
5746	146
5747	242	135
5748	65
5749	194
5750	135
5751	52
5752	199	212
5753	81
5754	248	81
5755	242	135
5756	102
5757	11
5758	64
5759	219	194
5760	102
5761	165
5762	81	37
5763	11
5764	158
5765	81	248	117
5766	11
5767	135	242
5768	135
5769	81	117
5770	135
5771	86
5772	91
5773	81
5774	194
5775	81	135
5776	139
5777	236
5778	81	117	146
5779	197
5780	242
5781	199
5782	162
5783	141
5784	200
5785	162
5786	91
5787	220
5788	203
5789	135
5790	141
5791	146	165	35	81
5792	81	117
5793	154
5794	161
5795	81
5796	85
5797	230
5798	45
5799	81
5800	81	135
5801	165
5802	81	117
5803	64
5804	20	205
5805	135
5806	17
5807	91
5808	17
5809	165
5810	146
5811	167
5812	88
5813	78
5814	194
5815	140
5816	81	117
5817	3
5818	3
5819	165	81
5820	135
5821	158	199	91
5822	52
5823	81	135
5824	203
5825	91
5826	165
5827	157	138
5828	61	165
5829	126	200
5830	162
5831	141
5832	162
5833	199	200
5834	165
5835	91
5836	135
5837	194
5838	135
5839	62	37	165	35
5840	142
5841	135
5842	135
5843	126	135
5844	166
5845	135	81	117
5846	141
5847	165	200
5848	81
5849	135
5850	81	248	117
5851	199
5852	237	91
5853	81	93
5854	165
5855	248	81
5856	11
5857	146
5858	81
5859	225	96
5860	17	91
5861	91
5862	91
5863	165
5864	242
5865	194
5866	165
5867	141
5868	203
5869	166
5870	20
5871	81
5872	199
5873	225
5874	81	93
5875	203	119
5876	81
5877	229
5878	158
5879	177
5880	149
5881	182
5882	135
5883	135	185
5884	81
5885	236
5886	236
5887	135
5888	81
5889	81	117
5890	96
5891	165
5892	165
5893	81
5894	91
5895	166
5896	93
5897	81
5898	177
5899	165
5900	160
5901	236
5902	165
5903	81	117	135	83
5904	81	139	135
5905	131
5906	81	146
5907	162
5908	165
5909	146	81
5910	194
5911	135
5912	194
5913	194
5914	203	194
5915	165
5916	146
5917	81
5918	167
5919	167
5920	165	35
5921	135
5922	5
5923	237
5924	222
5925	242	81	135
5926	91
5927	81	117
5928	95
5929	166
5930	135
5931	105	81	135
5932	102
5933	199
5934	135
5935	199
5936	212
5937	81
5938	167
5939	11
5940	194
5941	135
5942	81
5943	218
5944	47
5945	165
5946	51
5947	81
5948	135
5949	225
5950	35	61
5951	172
5952	135
5953	81	194	135
5954	81
5955	92
5956	191
5957	203
5958	203
5959	141
5960	242	135
5961	81
5962	146	81
5963	106	101
5964	252
5965	157	138
5966	203
5967	213	233	57	125	116	107
5968	20
5969	165
5970	81	135
5971	116	213	176
5972	116	213	176
5973	81
5974	165
5975	135
5976	166	165	191
5977	83
5978	165
5979	91	162
5980	135
5981	212
5982	153
5983	81
5984	45
5985	106
5986	135
5987	101
5988	252
5989	116	213	176	107
5990	81	135
5991	165
5992	162
5993	199
5994	135
5995	135
5996	199
5997	81
5998	225
5999	225
6000	245
6001	165
6002	225
6003	162
6004	81
6005	81
6006	234
6007	45
6008	220	141
6009	162
6010	135
6011	91
6012	135
6013	135
6014	181
6015	91
6016	162
6017	135
6018	81
6019	212	199
6020	242	135
6021	135
6022	162	91
6023	81
6024	212	199	162
6025	158
6026	81
6027	165
6028	140
6029	161
6030	135
6031	135
6032	96
6033	135
6034	81
6035	161	165	35
6036	81	146
6037	174
6038	75
6039	7
6040	165
6041	225
6042	225
6043	46
6044	81	135
6045	5
6046	81
6047	135
6048	162
6049	81
6050	81
6051	212
6052	165
6053	199
6054	153
6055	165	37	35
6056	69	65	196
6057	225
6058	141
6059	81
6060	69
6061	225
6062	135	242
6063	135
6064	162
6065	203	119
6066	81
6067	212
6068	91
6069	58	12	91	162
6070	81
6071	58	12
6072	194	135
6073	96
6074	226
6075	237
6076	165	191
6077	237	91
6078	81
6079	153
6080	123	20
6081	52
6082	81
6083	146
6084	219
6085	199
6086	81	117
6087	199	162	91
6088	199
6089	146
6090	135
6091	135
6092	65
6093	81	248
6094	45
6095	210	133
6096	135
6097	47
6098	81	83	135
6099	69
6100	194
6101	81	117	135
6102	117
6103	170
6104	91
6105	177
6106	75
6107	138	199	212	69
6108	199
6109	177
6110	199
6111	61
6112	86
6113	69
6114	135
6115	96	225
6116	90
6117	212
6118	17
6119	75	20
6120	194	227
6121	199
6122	236	212	69
6123	226	69
6124	225
6125	165
6126	154
6127	52
6128	91	17
6129	252
6130	105	135	81
6131	165
6132	81
6133	194
6134	45
6135	104	225
6136	81
6137	239
6138	199
6139	199
6140	162	91
6141	165
6142	212
6143	165
6144	81	135
6145	194
6146	81
6147	229
6148	81
6149	81
6150	81	248
6151	198
6152	199
6153	135
6154	146
6155	225
6156	162	212
6157	237
6158	203
6159	3
6160	165
6161	165
6162	5
6163	91
6164	11
6165	239	207
6166	81
6167	165
6168	81
6169	81
6170	91
6171	105
6172	242
6173	81	135
6174	162	3
6175	194
6176	81
6177	104
6178	239
6179	81
6180	135
6181	59
6182	199
6183	135
6184	212
6185	39
6186	135
6187	135
6188	121	141	199	247	52
6189	91
6190	47
6191	141
6192	194
6193	254
6194	162	212
6195	146
6196	52
6197	242	81
6198	135
6199	248
6200	81	93	117
6201	49
6202	215
6203	165	81
6204	161
6205	199
6206	11
6207	165
6208	81	135
6209	135	242
6210	160
6211	81	135
6212	165
6213	81
6214	49
6215	166
6216	165
6217	81
6218	81
6219	81
6220	165
6221	199
6222	91	162
6223	212
6224	199
6225	81	117	83
6226	199
6227	236	69	171	212
6228	81
6229	81
6230	81	117
6231	146	242
6232	91
6233	83
6234	135
6235	212
6236	133
6237	37
6238	158
6239	91	154
6240	153
6241	135
6242	81
6243	225	96
6244	166
6245	194	93
6246	225
6247	81	135
6248	225
6249	55	234
6250	135
6251	81
6252	52
6253	52
6254	37
6255	225
6256	81
6257	81
6258	225
6259	194
6260	47
6261	165
6262	225
6263	242	81	135
6264	199
6265	5
6266	34
6267	135
6268	165
6269	203	119
6270	81	135
6271	135
6272	100
6273	81
6274	117	93	81
6275	161	191
6276	37	166
6277	91	94
6278	146
6279	199
6280	158
6281	217	135
6282	225
6283	81
6284	91
6285	203
6286	135
6287	146	81	117	135
6288	47
6289	225
6290	102
6291	81	117	135
6292	81
6293	225
6294	81	117
6295	135
6296	14
6297	91
6298	248	81
6299	203	194
6300	212
6301	194
6302	153
6303	194	135
6304	194
6305	135
6306	177
6307	69	236	212
6308	123
6309	135	242
6310	51
6311	225
6312	135
6313	81
6314	100
6315	75
6316	198
6317	199	83
6318	102
6319	104
6320	104
6321	225
6322	179
6323	242
6324	81
6325	165
6326	225
6327	199
6328	237	199
6329	248	81
6330	237
6331	146	81
6332	162	199	217	212
6333	177
6334	47
6335	81	248
6336	255
6337	135
6338	225	96
6339	248	81	117
6340	81	117
6341	5
6342	194
6343	165
6344	199
6345	81	135
6346	162
6347	47
6348	135
6349	194
6350	135
6351	37
6352	135
6353	83	81
6354	170
6355	242	81	117	135
6356	162
6357	81
6358	81
6359	81
6360	81
6361	203
6362	177	56
6363	162
6364	81
6365	81
6366	135	81
6367	196	3
6368	81
6369	135
6370	141
6371	139
6372	81
6373	91	252
6374	81	135
6375	135
6376	84
6377	11
6378	81	135	83
6379	17
6380	81
6381	81	117
6382	165
6383	199
6384	81
6385	81
6386	81	117
6387	212
6388	254
6389	135
6390	165
6391	170
6392	11
6393	242	81	135
6394	81
6395	165
6396	225
6397	165	100
6398	199
6399	81
6400	248	117
6401	160
6402	81
6403	139
6404	81	135	83
6405	181
6406	104
6407	166
6408	135
6409	199	212
6410	81
6411	3
6412	192	133	149
6413	165
6414	199
6415	64
6416	64
6417	135
6418	242	135
6419	81
6420	254
6421	254
6422	146
6423	162
6424	17
6425	64	3	199
6426	81	135
6427	3
6428	199	162
6429	165
6430	3
6431	199
6432	94	199
6433	146	81
6434	37
6435	165
6436	199
6437	225
6438	109
6439	199	242	81	135
6440	81
6441	75
6442	165
6443	17
6444	37
6445	81
6446	5
6447	81
6448	237
6449	199	17
6450	162
6451	225
6452	174
6453	81
6454	81
6455	229
6456	117
6457	252
6458	81
6459	164
6460	135
6461	91
6462	81
6463	81	135
6464	81	135
6465	81
6466	165	204
6467	165
6468	47
6469	131
6470	92
6471	146	117
6472	81
6473	166
6474	210
6475	191	165
6476	199
6477	146
6478	81
6479	199
6480	242	81	117	135
6481	81
6482	165
6483	20
6484	81
6485	81
6486	154
6487	117	81
6488	135
6489	135
6490	165
6491	69
6492	117	135	242
6493	242
6494	135	81
6495	11
6496	198	5
6497	78
6498	12	205	162
6499	165
6500	81	117
6501	165	83	199
6502	104
6503	91
6504	135
6505	165
6506	153
6507	91
6508	81
6509	47
6510	165
6511	113
6512	135
6513	248	81
6514	101	177
6515	192
6516	196
6517	165
6518	149
6519	135
6520	81
6521	165
6522	165
6523	165
6524	135
6525	91
6526	165
6527	210
6528	203	85
6529	135	242
6530	146	194
6531	135
6532	81
6533	81	248
6534	17	199
6535	45
6536	199
6537	37
6538	162
6539	165
6540	147	199	148
6541	199
6542	165
6543	135
6544	133	212
6545	199
6546	162
6547	84
6548	95
6549	158
6550	135
6551	199
6552	248
6553	199	17
6554	11
6555	81	135	242
6556	81
6557	135
6558	91
6559	162
6560	165
6561	135
6562	81
6563	135
6564	135
6565	135	242
6566	11
6567	62	165
6568	104
6569	52
6570	17
6571	81
6572	192
6573	135
6574	165
6575	94
6576	165
6577	194	81
6578	165
6579	81
6580	81
6581	242	135
6582	81	248
6583	81
6584	81
6585	17
6586	81	248
6587	199
6588	193	199
6589	199
6590	117	135
6591	75
6592	81
6593	52	162
6594	162
6595	165
6596	199
6597	165	199
6598	199	17
6599	37
6600	165
6601	225
6602	135
6603	91	162
6604	203	119
6605	80
6606	203	119
6607	199
6608	94
6609	81
6610	135
6611	81
6612	162
6613	12	162
6614	162
6615	81
6616	141
6617	81
6618	142
6619	91
6620	199
6621	81	93
6622	225
6623	20
6624	166
6625	199
6626	81
6627	165
6628	135
6629	96
6630	199
6631	162
6632	162
6633	40	41
6634	91
6635	81
6636	81
6637	203	194
6638	17	94	237
6639	146	242	135
6640	158
6641	81
6642	199
6643	135
6644	237	199
6645	166
6646	165
6647	100
6648	252
6649	177
6650	242	135
6651	225
6652	225
6653	219
6654	81
6655	248
6656	3
6657	165
6658	242	135
6659	135
6660	81	248
6661	199	212
6662	166
6663	165
6664	165
6665	254
6666	9
6667	166
6668	177	165
6669	81	117
6670	81
6671	81
6672	237	91
6673	81
6674	91
6675	199	147
6676	162
6677	162
6678	165
6679	165
6680	81
6681	135
6682	135
6683	225
6684	165	199
6685	135
6686	203
6687	165
6688	146
6689	81	135
6690	203
6691	203
6692	203
6693	203
6694	203
6695	203
6696	69
6697	226	212
6698	203	194
6699	203
6700	3
6701	81
6702	225
6703	113
6704	113
6705	81
6706	225
6707	101
6708	135
6709	225
6710	94
6711	165
6712	199
6713	81
6714	3
6715	225
6716	165	83
6717	64	3	199
6718	81
6719	199
6720	196
6721	210
6722	199
6723	146
6724	81
6725	81	248
6726	234
6727	81
6728	165
6729	199
6730	45
6731	165
6732	203
6733	47
6734	199
6735	147
6736	165
6737	135
6738	91
6739	88
6740	242
6741	135	194
6742	81
6743	199	17	165	217
6744	81	135
6745	3
6746	86	20
6747	81
6748	11
6749	81
6750	81
6751	212
6752	81
6753	85	194
6754	62	165
6755	194
6756	91	199	17
6757	203
6758	135
6759	165
6760	92
6761	225
6762	49
6763	161
6764	47
6765	11
6766	237
6767	81
6768	162	91	58
6769	162
6770	165
6771	81	135
6772	225
6773	81
6774	199
6775	165
6776	81
6777	81
6778	135
6779	229
6780	37	165
6781	135
6782	81
6783	81
6784	198	5
6785	91
6786	199
6787	135
6788	225
6789	81
6790	81
6791	158
6792	158
6793	11
6794	135
6795	91	252
6796	117	81	135
6797	199
6798	135
6799	135
6800	225	96
6801	199
6802	199	135
6803	81	135
6804	194
6805	52
6806	81
6807	212
6808	165
6809	81
6810	192
6811	47
6812	174
6813	81	248	117
6814	81
6815	199
6816	47
6817	146
6818	81	135
6819	28
6820	135
6821	81
6822	135
6823	165
6824	112
6825	163	112
6826	81
6827	199
6828	199
6829	248	81
6830	81
6831	81
6832	81
6833	135
6834	81
6835	165
6836	242	135
6837	81
6838	248	81
6839	154
6840	135
6841	158
6842	162
6843	81	248
6844	165
6845	135
6846	91
6847	203
6848	81	117	135
6849	81
6850	166
6851	81
6852	96
6853	212
6854	135
6855	165
6856	165
6857	162
6858	17	158	91
6859	11
6860	177
6861	135
6862	165	217	177
6863	81	135	83
6864	149
6865	210
6866	199
6867	199
6868	135
6869	242
6870	11
6871	165
6872	225
6873	146
6874	146
6875	96
6876	212
6877	135
6878	242	135	194
6879	199
6880	7
6881	37
6882	81
6883	158
6884	96	225
6885	146	242	81	117	135
6886	165
6887	174
6888	135
6889	165
6890	81
6891	165
6892	165
6893	242	135
6894	81
6895	126
6896	135
6897	117	135
6898	154
6899	81
6900	165
6901	81
6902	81
6903	194
6904	198
6905	146
6906	135
6907	117	135
6908	165
6909	164
6910	135
6911	135
6912	81
6913	81
6914	135
6915	242	117	135
6916	165
6917	177
6918	81
6919	146
6920	194
6921	165
6922	131
6923	161
6924	225
6925	242	135
6926	81
6927	117	135
6928	225
6929	242
6930	225
6931	81
6932	248
6933	80	139
6934	194
6935	147
6936	194
6937	199
6938	135
6939	165
6940	135
6941	225
6942	81
6943	248
6944	242	135
6945	135
6946	174
6947	225
6948	135
6949	135
6950	165
6951	81
6952	94
6953	81	117
6954	199
6955	81
6956	199
6957	212
6958	199	17	165	217
6959	94
6960	135
6961	248
6962	17
6963	129
6964	81
6965	81	135
6966	165
6967	179	199
6968	81
6969	81
6970	47
6971	81	93	117
6972	165
6973	81
6974	81
6975	81	135
6976	141
6977	135
6978	81
6979	174
6980	162
6981	81
6982	242	135
6983	135
6984	81
6985	146	81	135
6986	199
6987	81
6988	81
6989	81
6990	225
6991	135	81
6992	165
6993	135
6994	81
6995	81
6996	165
6997	81
6998	198	5
6999	81
7000	81
7001	81
7002	81	117	135
7003	146	242	81	135
7004	81
7005	165
7006	81
7007	91
7008	117
7009	135
7010	135
7011	81
7012	158
7013	81
7014	194
7015	81
7016	86
7017	135
7018	165
7019	165
7020	81
7021	162	147
7022	242
7023	177
7024	64
7025	135
7026	11
7027	117	135
7028	47
7029	81	135
7030	81	135
7031	162
7032	135
7033	135
7034	88
7035	225
7036	81	248
7037	81
7038	81
7039	81
7040	135
7041	165
7042	139
7043	81
7044	81
7045	199	165
7046	81
7047	75
7048	81
7049	165
7050	81	117	135
7051	81
7052	135
7053	20	86
7054	135
7055	17
7056	81
7057	199
7058	165	83	199
7059	135
7060	5
7061	81
7062	194
7063	81	135	83
7064	81	248
7065	81	117
7066	81
7067	248
7068	102
7069	102
7070	81	135
7071	194
7072	146
7073	81	135	242
7074	84
7075	135
7076	161
7077	91
7078	242	135
7079	81
7080	11
7081	199	91
7082	81
7083	121	52
7084	146	242	81
7085	165
7086	81
7087	165	158	142
7088	81
7089	135
7090	81
7091	165
7092	135
7093	198
7094	56	227
7095	81
7096	146
7097	199
7098	135
7099	165
7100	135
7101	165
7102	166
7103	135
7104	135
7105	135
7106	90
7107	165
7108	81
7109	162
7110	135	81
7111	81	135
7112	135
7113	162
7114	162
7115	225
7116	135
7117	81
7118	135
7119	146	81	194
7120	167
7121	194
7122	121
7123	165
7124	146
7125	81	135
7126	135
7127	81
7128	165
7129	81	248
7130	81	135
7131	81
7132	81	117	135
7133	47
7134	146
7135	162	210	198
7136	81
7137	199	255
7138	199
7139	113
7140	242	81	135
7141	146	242
7142	135	81
7143	5
7144	242	135
7145	154
7146	146	81
7147	81	135	83
7148	242	117	135
7149	81
7150	81	117
7151	81	117	135
7152	135
7153	81
7154	164
7155	242
7156	77
7157	177
7158	81
7159	165
7160	165
7161	17
7162	81
7163	177
7164	135
7165	81
7166	91	17
7167	81	135	242
7168	11
7169	212
7170	135
7171	242	81	135
7172	92
7173	196
7174	91	237
7175	165
7176	203
7177	135
7178	88
7179	81	135	83
7180	81
7181	212
7182	158
7183	135
7184	81	117
7185	81	117
7186	248
7187	91	17	199
7188	81
7189	81
7190	225
7191	194
7192	135	81	242
7193	153
7194	81
7195	81
7196	226
7197	165
7198	165
7199	37
7200	37
7201	135
7202	49
7203	37
7204	165
7205	165
7206	203
7207	165
7208	194
7209	165
7210	81
7211	165
7212	47
7213	165
7214	11
7215	194
7216	165
7217	135
7218	158
7219	47
7220	194
7221	194
7222	194
7223	194
7224	194
7225	194
7226	146
7227	81	117
7228	81	117	135
7229	101
7230	196
7231	135
7232	81	248	117
7233	135
7234	81
7235	81
7236	81
7237	81
7238	81	135
7239	194
7240	81	117
7241	24	178
7242	135
7243	242	81	135
7244	197
7245	81
7246	81
7247	81
7248	199	147
7249	146	242	135
7250	135
7251	138
7252	242	81	135
7253	199
7254	81
7255	81
7256	104
7257	81
7258	141
7259	75
7260	91	162
7261	237
7262	165
7263	242	135
7264	199
7265	154
7266	81	194
7267	135
7268	126
7269	165	199
7270	101
7271	199
7272	12
7273	154
7274	218
7275	135
7276	17
7277	135
7278	162	91
7279	162
7280	135
7281	113
7282	117
7283	242	81	135
7284	174
7285	81
7286	135
7287	81	194
7288	81
7289	81	117	135
7290	81
7291	225
7292	165
7293	81
7294	81
7295	109	135
7296	135
7297	170
7298	194
7299	81	135
7300	199
7301	165
7302	162
7303	94
7304	91
7305	90
7306	90
7307	39
7308	39
7309	135
7310	135
7311	43
7312	81	135
7313	135
7314	81
7315	146
7316	81
7317	212
7318	81
7319	81
7320	170
7321	146
7322	135
7323	95
7324	199	91
7325	135
7326	135
7327	135
7328	135
7329	47
7330	225
7331	165
7332	165
7333	199
7334	81
7335	81
7336	165
7337	165
7338	135
7339	81	135
7340	225
7341	62	199
7342	81
7343	165
7344	90
7345	229
7346	158
7347	199	3
7348	165
7349	90
7350	165
7351	165
7352	177
7353	165
7354	193	200
7355	36
7356	90
7357	90
7358	135
7359	166
7360	212
7361	81	117	194
7362	135
7363	165
7364	237
7365	237
7366	135
7367	81	117
7368	199
7369	225
7370	165
7371	121	112	52
7372	193	20
7373	225
7374	199
7375	81
7376	81	117
7377	194
7378	81
7379	81
7380	191
7381	135
7382	135
7383	165	43
7384	198	5
7385	146
7386	165
7387	135
7388	165
7389	135
7390	94
7391	174
7392	165
7393	95
7394	81	135
7395	165
7396	135
7397	81	135
7398	149
7399	135
7400	96	225
7401	61	165
7402	225
7403	200
7404	179	199
7405	162	91
7406	117
7407	135
7408	81
7409	81
7410	165
7411	81
7412	135
7413	135
7414	162	69
7415	237	91
7416	135	242
7417	91
7418	135
7419	135
7420	17
7421	165
7422	94
7423	81
7424	135
7425	96	225
7426	165
7427	5
7428	165	37	35
7429	117	135
7430	81
7431	199
7432	135
7433	81
7434	165
7435	165
7436	225
7437	81	135
7438	135
7439	135
7440	81
7441	81
7442	81
7443	225
7444	81
7445	120
7446	135
7447	225
7448	162
7449	91
7450	242	81	117
7451	199
7452	199	165	83
7453	162
7454	81	117
7455	81
7456	81
7457	20
7458	158	177
7459	20	135	240
7460	196	194
7461	164
7462	177	227
7463	177
7464	255
7465	20
7466	196	86
7467	52	155
7468	52
7469	52
7470	196	247
7471	196
7472	163
7473	135
7474	135
7475	196
7476	196	13
7477	56	177	196
7478	177
7479	177
7480	81	117
7481	194
7482	237
7483	196
7484	165
7485	81	135
7486	165
7487	242
7488	117
7489	117
7490	135
7491	81	117	135
7492	117
7493	165
7494	237
7495	165
7496	165
7497	81
7498	81
7499	91
7500	165
7501	165
7502	252
7503	135
7504	81
7505	81
7506	135
7507	81
7508	242	81	117	135
7509	135
7510	135	139
7511	165
7512	242	81	117
7513	162	210
7514	225
7515	81
7516	165
7517	242	135
7518	81	135
7519	81
7520	81	117	83
7521	135
7522	135
7523	81
7524	165
7525	12
7526	199
7527	135	81
7528	165
7529	146
7530	165
7531	135
7532	165	199
7533	200
7534	165
7535	199	165
7536	81
7537	81	135
7538	225
7539	81
7540	245
7541	162	212
7542	252
7543	81
7544	146
7545	117	135
7546	165
7547	81
7548	135
7549	135
7550	165
7551	165
7552	161	191
7553	135
7554	240
7555	161
7556	81
7557	229	79
7558	165
7559	81
7560	81	135	83
7561	242
7562	242	117
7563	81
7564	225
7565	81	194
7566	81
7567	177
7568	165	161
7569	135
7570	5
7571	135
7572	81	146
7573	81	135
7574	81
7575	90
7576	135	81	117
7577	135
7578	81	135
7579	237
7580	11
7581	194
7582	100
7583	170
7584	242	135
7585	135
7586	165
7587	135
7588	199
7589	162
7590	135
7591	135
7592	165
7593	135	81
7594	81
7595	135
7596	88	118
7597	146
7598	91
7599	81
7600	162
7601	165
7602	237
7603	199
7604	135
7605	135
7606	17
7607	242
7608	225
7609	135
7610	135
7611	91	162
7612	155
7613	135
7614	62	199	165
7615	161
7616	47
7617	81
7618	81	117
7619	81	135
7620	81	135
7621	81	117
7622	81	117	135
7623	135
7624	239	207
7625	239	207
7626	81
7627	81
7628	219
7629	165
7630	102
7631	135
7632	158	112	43	162	199
7633	165
7634	242	135
7635	135
7636	81
7637	81	135
7638	81	135
7639	198
7640	194
7641	225
7642	81
7643	135
7644	91
7645	81	135	83
7646	81	117	135
7647	81
7648	166
7649	81
7650	154
7651	135
7652	165
7653	212
7654	82	123
7655	13
7656	177
7657	242
7658	242
7659	81
7660	165
7661	120
7662	225
7663	81
7664	81	135
7665	135
7666	135
7667	165
7668	64
7669	165
7670	135
7671	135	81
7672	168
7673	90
7674	135
7675	135
7676	181
7677	199	17
7678	91
7679	203
7680	135
7681	81
7682	81
7683	199
7684	81
7685	194	135
7686	81
7687	135
7688	162
7689	135
7690	225
7691	199
7692	199
7693	102
7694	90
7695	90
7696	90
7697	146
7698	81
7699	248
7700	11
7701	81
7702	179
7703	81
7704	166
7705	165
7706	34
7707	146
7708	237
7709	45
7710	162
7711	81
7712	154
7713	199	17
7714	135
7715	135
7716	225
7717	158	165
7718	141
7719	237
7720	3
7721	81	135
7722	225
7723	199	17
7724	5
7725	75
7726	81	194
7727	81
7728	162
7729	81	135
7730	135
7731	34
7732	81
7733	83
7734	165
7735	225
7736	26
7737	81
7738	135	81
7739	135
7740	81
7741	81
7742	81
7743	135
7744	81
7745	81
7746	135
7747	242
7748	146	81
7749	135
7750	200
7751	155	61
7752	37
7753	81
7754	198	5
7755	225
7756	81
7757	196
7758	135
7759	81
7760	81	117
7761	225
7762	199
7763	212
7764	199
7765	135
7766	165
7767	81
7768	135
7769	23	135	194
7770	81
7771	198
7772	179
7773	135
7774	81
7775	135
7776	81	135
7777	165
7778	165
7779	81
7780	135
7781	193	162	3
7782	162	3
7783	81
7784	165
7785	199
7786	81	135
7787	135
7788	162
7789	146
7790	199
7791	165
7792	81	248
7793	81
7794	81
7795	135
7796	37
7797	81
7798	135
7799	88
7800	81	135
7801	117
7802	135
7803	219
7804	81
7805	225
7806	162
7807	167
7808	11
7809	81	117
7810	135
7811	135
7812	81	135
7813	135
7814	165
7815	135
7816	135
7817	135
7818	199
7819	135
7820	199
7821	165
7822	225
7823	135
7824	81	194
7825	165
7826	196
7827	196
7828	196
7829	199
7830	196
7831	196
7832	196
7833	199	91
7834	135
7835	165
7836	165	83
7837	165	199
7838	196
7839	196
7840	196
7841	196
7842	196
7843	196
7844	196
7845	225
7846	196
7847	194
7848	81	117
7849	135
7850	162
7851	135
7852	81
7853	81	135
7854	194	81
7855	85	194
7856	81
7857	162
7858	81	181
7859	199	165
7860	81	135
7861	196
7862	165	217	199
7863	165
7864	81
7865	142
7866	182
7867	91
7868	236
7869	135
7870	135
7871	91
7872	135
7873	135
7874	81
7875	229
7876	135
7877	126	200
7878	126	200
7879	81
7880	81	117
7881	135
7882	81
7883	165
7884	252
7885	199
7886	135
7887	146
7888	199
7889	37
7890	135
7891	135
7892	165
7893	81	117
7894	135
7895	135
7896	162	91
7897	135
7898	165
7899	81	117
7900	199
7901	39
7902	199
7903	135
7904	81
7905	81
7906	135
7907	81
7908	135
7909	165
7910	252	199
7911	165
7912	165
7913	81
7914	135
7915	78
7916	135
7917	81	117
7918	81	117
7919	47
7920	191
7921	237
7922	135
7923	61
7924	81
7925	177
7926	17
7927	135
7928	81
7929	55
7930	81	135
7931	81
7932	47
7933	81
7934	47
7935	75
7936	135
7937	91
7938	199	165	217
7939	199
7940	225
7941	194
7942	81
7943	135
7944	165	199
7945	81	135
7946	91
7947	135
7948	81
7949	135
7950	82
7951	5
7952	165
7953	165
7954	165
7955	203
7956	91
7957	225
7958	81	135
7959	193
7960	47
7961	198
7962	165
7963	199	126	200
7964	236	212
7965	196
7966	81
7967	81	135
7968	142
7969	81	135
7970	147	199
7971	135
7972	91
7973	135
7974	81	135
7975	154
7976	135
7977	112	3
7978	81
7979	81	135
7980	81	135	83
7981	212
7982	165
7983	165
7984	81
7985	165
7986	199	162
7987	81
7988	162	133
7989	81
7990	165
7991	199
7992	166
7993	212
7994	3
7995	81
7996	225
7997	199
7998	199
7999	112
8000	81
8001	141
8002	199
8003	135
8004	135
8005	165
8006	9
8007	165
8008	81
8009	212
8010	212
8011	212
8012	212
8013	118
8014	81
8015	165
8016	47
8017	162
8018	196
8019	212
8020	212
8021	194	135
8022	81
8023	212
8024	135
8025	212
8026	11
8027	212
8028	212
8029	212
8030	212
8031	3
8032	212
8033	155
8034	135
8035	242	81	194
8036	229
8037	229
8038	212
8039	165
8040	212
8041	212
8042	212
8043	81
8044	135
8045	146
8046	135
8047	91
8048	135
8049	81	135
8050	5	198
8051	165
8052	81
8053	212
8054	212
8055	212
8056	3
8057	199	3
8058	212
8059	212
8060	212
8061	17	158
8062	17
8063	17
8064	17	158
8065	17
8066	135
8067	81
8068	194
8069	135
8070	162	198	91
8071	165
8072	165
8073	194
8074	81
8075	81
8076	135
8077	165
8078	135
8079	11
8080	199
8081	162
8082	165
8083	81
8084	17
8085	142	199	196
8086	117	81
8087	135	81
8088	165
8089	81
8090	34
8091	81
8092	212
8093	81	135
8094	17
8095	135
8096	81
8097	165
8098	17
8099	212
8100	154	91
8101	81
8102	135
8103	194	135
8104	199
8105	193	165
8106	141
8107	165
8108	174	5
8109	245
8110	117
8111	81	135
8112	5
8113	165
8114	135
8115	135
8116	225
8117	194
8118	165
8119	81
8120	225
8121	81
8122	135
8123	174
8124	174
8125	81
8126	83
8127	81	248
8128	165
8129	248	117
8130	146	81	117
8131	81	135
8132	81
8133	177
8134	81
8135	162	91
8136	162
8137	135
8138	158
8139	174
8140	196
8141	165
8142	113
8143	165
8144	135
8145	135
8146	81
8147	81
8148	135
8149	81
8150	146	81	117
8151	94	17
8152	11
8153	165
8154	218
8155	248	117
8156	141
8157	81
8158	81	194
8159	11
8160	165
8161	165
8162	47
8163	191	165
8164	81	135	83
8165	158
8166	81
8167	17
8168	91	237
8169	81
8170	81
8171	165
8172	5
8173	81	248
8174	165	199
8175	81
8176	199
8177	135
8178	81
8179	165
8180	135
8181	174
8182	165	37	35
8183	81	194
8184	135	81
8185	81
8186	177
8187	101	177
8188	165
8189	177	196
8190	81
8191	199
8192	212
8193	9
8194	9
8195	9
8196	9
8197	81
8198	142
8199	81
8200	212	199
8201	81
8202	81
8203	135
8204	117
8205	81
8206	225
8207	162
8208	135
8209	81	117
8210	162
8211	162	126
8212	126	200
8213	236
8214	81
8215	81
8216	199
8217	199
8218	154
8219	165
8220	154
8221	253
8222	199
8223	196
8224	84
8225	81	135
8226	81	117
8227	165
8228	225
8229	91	237
8230	252
8231	81
8232	165
8233	91	162
8234	81
8235	100
8236	146
8237	34
8238	81
8239	81
8240	81
8241	165
8242	199
8243	199
8244	47
8245	141
8246	81	117
8247	135
8248	165
8249	165
8250	135
8251	81
8252	162
8253	170
8254	100
8255	96
8256	81
8257	165
8258	100
8259	81
8260	81	135
8261	81	135
8262	135
8263	165
8264	135
8265	194	113
8266	135
8267	96
8268	165
8269	146
8270	117
8271	81
8272	81
8273	165
8274	81
8275	196	212
8276	165
8277	81
8278	135
8279	162
8280	135
8281	9
8282	9
8283	9
8284	162
8285	165
8286	162
8287	81
8288	194
8289	135
8290	199	17
8291	11
8292	242	135
8293	158
8294	81	117	135
8295	165	199
8296	75
8297	166
8298	81
8299	135
8300	81
8301	81
8302	194
8303	199
8304	81
8305	45
8306	203
8307	135
8308	81	248
8309	81	248
8310	194
8311	81
8312	212	69
8313	199
8314	194
8315	194
8316	135
8317	81
8318	165
8319	81
8320	81	166
8321	81
8322	81
8323	81
8324	81
8325	81
8326	81
8327	81
8328	81
8329	81
8330	81
8331	81
8332	81
8333	81
8334	81
8335	81
8336	81
8337	81
8338	81
8339	81
8340	81
8341	81
8342	81
8343	81
8344	81
8345	81
8346	81
8347	81
8348	81
8349	81
8350	81
8351	81
8352	81
8353	146
8354	222	81
8355	81
8356	81
8357	81
8358	146	81
8359	81
8360	81
8361	81
8362	81
8363	199
8364	162
8365	81
8366	165
8367	81
8368	81
8369	81
8370	81
8371	81
8372	81
8373	81
8374	81
8375	81
8376	81
8377	81
8378	81
8379	81
8380	81
8381	81
8382	81
8383	81
8384	81
8385	81
8386	81
8387	81
8388	81
8389	81
8390	81
8391	81
8392	81
8393	81
8394	81
8395	81	146
8396	81
8397	81
8398	81
8399	81
8400	81
8401	81
8402	81
8403	81
8404	81
8405	81
8406	81
8407	81
8408	81
8409	81
8410	81
8411	81
8412	81
8413	81
8414	81
8415	81
8416	81
8417	81
8418	81
8419	81
8420	81
8421	81
8422	81
8423	81
8424	81
8425	81
8426	81
8427	81
8428	81
8429	81
8430	81
8431	81
8432	81
8433	81
8434	81
8435	81
8436	81
8437	81
8438	81
8439	81
8440	81
8441	81
8442	81
8443	75
8444	81
8445	81
8446	81
8447	81
8448	81
8449	81
8450	81
8451	81
8452	81
8453	81
8454	81
8455	81
8456	81
8457	81
8458	81
8459	81
8460	81
8461	81
8462	81
8463	81
8464	81
8465	81
8466	81
8467	81
8468	81
8469	81
8470	81
8471	81
8472	81
8473	81
8474	81
8475	81
8476	81
8477	81
8478	81
8479	81
8480	81
8481	81
8482	81
8483	81
8484	81
8485	81
8486	81
8487	81
8488	81
8489	81
8490	81
8491	81	194
8492	81
8493	170
8494	81
8495	81
8496	162
8497	165
8498	81
