0
1
2
3
4
5
6
7
8
9
10
11	84
12
13	200
14
15	189	213	4
16	232	67
17	111	94	228	237	252
18
19
20	192
21
22	230	203	85	81	93	194	135
23
24
25	100	186	22	161	101	246	177	21
26
27	88
28	129
29
30
31
32
33
34
35	93
36
37	209	117
38
39
40
41
42
43
44	160
45
46
47
48
49	32	107	243	15	152	74
50
51
52	136	121	141	140	30	61
53	2	161	11
54
55	110	49	106	28	14	234	238	216	101	95
56	227	13
57
58
59
60
61
62
63
64	3
65
66	2	128
67
68
69	226
70
71
72
73
74
75	90	208	39
76
77
78	51	35
79
80
81	109	167	248	215
82
83	204
84
85
86	132	20
87
88	118
89
90
91	154
92	210	174
93
94	120
95	173	143
96
97	212
98
99
100	203	59	214
101	9	56	68	158	177
102
103
104	7	102	181
105
106
107
108
109
110
111
112	121	141
113
114
115
116
117
118
119
120
121	180
122	202	195	201
123
124	72	50	144	77	41	40
125
126
127
128
129	34
130
131
132
133
134
135	105	80	146	256	242	139	221	73	23	235	185	150	124	0	113	254
136	47
137
138
139	76
140
141	220	225
142	75
143
144
145
146	168	222	42
147
148
149
150
151
152	33	18	38	206	57	241	125	19	156	116
153	127	83
154
155	61
156
157
158	26	82	148	163	250	157	247	86	98	255	89	196	219
159	48
160	187
161	11
162	245	12	58	45
163	112
164
165	202	195	122	201	79
166	165	218	122	126
167
168
169
170
171
172	145
173
174	5
175	166
176
177	209	179	13	46	196	229
178	85	31	182	100
179
180
181
182
183	253	178	108	175	223	190	172	37	78	49	234	55
184
185
186	159	209	101	177
187
188
189
190
191
192
193
194	211	221	240	73	135	150	188	71	113	254	29
195
196	6	199	236	224	43	123	147	112	217	138	131	52	20	200	87	63	193	133	205	219
197
198
199	162	62	92	17	65	142	97	249	64
200
201
202
203	10	119	137
204
205
206
207
208
209	191	165
210	198	149
211
212	69	153
213
214
215
216
217
218
219
220
221
222
223	182	78	234
224
225	164	96	104
226
227
228
229	36
230
231	27	8	115	183	66	70	16	44	53	25	1	130	55
232	60	134
233	169
234
235
236	171	99	103
237
238
239
240	185
241
242
243	233	184	54	114	176
244
245
246
247	141	155	52
248	251
249
250
251
252	91
253	24
254	207	244	239	170	197	151
255	92	132	133
256
